575 576 577 578 579
580 581 582 583 584
585 586 587 588 589
590 591 592 593 594
595 596 597 598 599
600 601 602 603 604
605 606 607 608 609
610 611 612 613 614
615 616 617 618 619
620 621 622 623 624
625 626 627 628 629
630 631 632 633 634
635 636 637 638 639
640 641 642 643 644
645 646 647 648 649
650 651 652 653 654
655 656 1149 1150 1151
1152 1153 1154 1155 1156
1157 1158 1159 1160 1161
1162 1163 1164 1165 1166
1167 1168 1169 1170 1171
1172 1173 1174 1175 1176
1177 1178 1179 1180 1181
1182 1183 1184 1185 1186
1187 1188 1189 1190 1191
1192 1193 1194 1195 1196
1197 1198 1199 1200 1201
1202 1203 1204 1205 1206
1207 1208 1209 1210 1211
1212 1213 1214 1215 1216
1217 1218 1219 1220 1221
1222 1223 1224 1225 1226
1227 1228 1229 1230 1231
1232 1233 1234 1235 1236
1237 1238 1239 1240 1241
1242 1243 1244 1245 1246
1247 1248 1249 1250 1251
1252 1253 1254 1255 1256
1257 1258 1259 1260 1261
1262 1263 1264 1265 1266
1267 1268 1269 1270 1271
1272 1273 1274 1275 1276
1277 1278 1279 1280 1281
1282 1283 1284 1285 1286
1287 1288 1289 1290 1291
1292 1293 1294 1295 1296
1297 1298 1299 1300 1301
1302 1303 1304 1305 1306
1307 1308 1309 1310 1311
1312 1477 1478 1479 1480
1481 1482 1483 1484 1485
1486 1487 1488 1489 1490
1491 1492 1493 1494 1495
1496 1497 1498 1499 1500
1501 1502 1503 1504 1505
1506 1507 1508 1509 1510
1511 1512 1513 1514 1515
1516 1517 1518 1519 1520
1521 1522 1523 1524 1525
1526 1527 1528 1529 1530
1531 1532 1533 1534 1535
1536 1537 1538 1539 1540
1541 1542 1543 1544 1545
1546 1547 1548 1549 1550
1551 1552 1553 1554 1555
1556 1557 1558 2215 2216
2217 2218 2219 2220 2221
2222 2223 2224 2225 2226
2227 2228 2229 2230 2231
2232 2233 2234 2235 2236
2237 2238 2239 2240 2241
2242 2243 2244 2245 2246
2247 2248 2249 2250 2251
2252 2253 2254 2255 2256
2257 2258 2259 2260 2261
2262 2263 2264 2265 2266
2267 2268 2269 2270 2271
2272 2273 2274 2275 2276
2277 2278 2279 2280 2281
2282 2283 2284 2285 2286
2287 2288 2289 2290 2291
2292 2293 2294 2295 2296
