1 268 278 387 388
389 390 770 1069 1096
1225 1226 1321 1322 1332
1333 1334 1337 1346 1347
1363 1364 1401 1402 1406
1407 1408 1409 1410 1411
1412 1413 1418 1419 1420
1421 1450 1469 1470 1471
1472 1482 1483 1493 1496
1497 1502 1503 1507 1511
1513 1516 1517 1518 1519
1520 1521 1533 1534 1535
1543 1555 1566 1569 1623
1624 1632 1633 1647 1648
1649 1682 1683 1684 1695
1696 1697 1704 1705 1706
1707 1710 1711 1749 1750
1751 1752 1753 1754 1755
1756 1757 1760 1761 1762
1766 1791 1792 1793 1805
1806 1807 1812 1818 1820
1854 1855 1856 1857 1858
1859 1860 1861 1862 1866
1868 1869 1870 1871 1872
1873 1874 1875 1876 1877
1878 1879 1880 1881 1882
1883 1884 1885 1886 1913
1914 1915 1916 1917 1918
1919 1920 1921 1922 1923
1924 1925 1926 1927 1929
1930 1931 1932 1933 1934
1935 1936 1937 1938 1939
1940 1941 1942 1943 1959
1977 1978 1979 2009 2010
2011 2012 2013 2017 2038
2039 2057 2065 2078 2083
2084 2269 2270 2280 2281
2294 2295 2296 2297 2298
2299 2300 2301 2309 2310
2311 2312 2313 2329 2330
2367 2368 2369 2375 2376
2377 2378 2396 2397 2398
2399 2400 2401 2405 2406
2415 2416 2417 2418 2420
2427 2428 2429 2430 2431
2432 2459 2484 2485 2486
2508 2566 2567 2575 2576
2577 2591 2592 2600 2601
2602 2603 2604 2605 2612
2613 2614 2619 2630 2631
2632 2634 2635 2636 2637
2638 2639 2640 2641 2642
2644 2645 2646 2647 2648
2649 2650 2651 2652 2653
2654 2655 2656 2657 2658
2659 2660 2661 2662 2663
2664 2665 2666 2667 2673
2674 2675 2676 2677 2678
2679 2680 2681 2693 2694
2695 2696 2697 2698 2699
2700 2701 2702 2703 2704
2716 2717 2718 2719 2720
2722 2723 2737 2738 2739
2740 2741 2752 2753 2755
2765 2766 2767 2768 2862
2863 2866 2867 2884 2885
2886 2887 2888 2889 2890
2897 2898 2906 2907 2908
2909 2910 2911 2912 2913
2914 2915 2916 2917 2918
2924 2925 2926 2927 2928
2929 2930 2931 2932 2933
2934 2935 2936 2937 2938
2948 2949 2950 2951 2952
2957 2958 2959 2960 2961
2962 2963 2964 2965 2998
3010 3015 3016 3017 3018
3019 3029 3030 3031 3040
3043 3044 3045 3046 3047
3048 3049 3050 3051 3052
3053 3054 3055 3056 3057
3058 3059 3060 3061 3062
3063 3064 3065 3066 3067
3068 3069 3070 3071 3072
3073 3074 3075 3076 3077
3078 3079 3080 3081 3082
3083 3084 3085 3086 3087
3088 3089 3090 3091 3092
3093 3094 3095 3096 3097
3098 3102 3103 3104 3112
3113 3114 3115 3118 3119
3120 3121 3122 3123 3129
3141 3150 3151 3152 3153
3162 3163 3164 3165 3166
3167 3168 3169 3170 3180
3186 3187 3188 3192 3193
3194 3202 3219 3220 3221
3222 3223 3224 3226 3227
3232 3234 3235 3236 3237
3238 3239 3240 3241 3242
3243 3244 3245 3246 3247
3248 3249 3250 3251 3252
3253 3254 3255 3256 3257
3258 3259 3260 3261 3262
3263 3264 3265 3266 3267
3268 3269 3270 3271 3272
3284 3285 3286 3287 3288
3289 3290 3291 3292 3293
3294 3295 3296 3297 3298
3299 3300 3301 3302 3303
3304 3305 3306 3307 3308
3309 3310 3311 3312 3313
3314 3315 3316 3317 3318
3319 3320 3321 3331 3332
3333 3343 3344 3345 3346
3347 3368 3369 3411 3412
3413 3414 3415 3416 3417
3418 3419 3420 3421 3422
3423 3424 3430 3431 3432
3433 3437 3438 3439 3440
3441 3442 3443 3444 3456
3462 3469 3470 3471 3472
3473 3483 3484 3485 3486
3487 3494 3495 3498 3504
3505 3554 3611 3612 3709
3710 3715 3716 3752 3753
3754 3755 3756 3757 3758
3759 3760 3761 3762 3763
3764 3765 3766 3767 3768
3769 3775 3776 3777 3802
3803 3804 3807 3808 3809
3810 3811 3812 3813 3814
3815 3820 3821 3822 3840
3841 3842 3843 3845 3846
3847 3848 3849 3850 3851
3861 3862 3863 3872 3873
3874 3875 3876 3877 3878
3891 3892 3896 3897 3898
3899 3900 3906 3907 3908
3909 3910 3926 3927 3928
3940 3941 3942 3962 3963
3964 3965 3966 3967 3968
3974 3975 3976 3977 3987
3988 3989 3990 3991 4004
4046 4047 4048 4049 4050
4051 4086 4087 4088 4089
4090
