2 3 12 39 44
47 70 85 87 93
121 127 154 163 171
181 186 224 240 250
282 331 379 402 404
452 462 466 476 487
491 498 517 531 541
544 548 556 566 568
571 590 591 671 684
728 741 756 763 768
781 793 838 869 873
906 939 951 978 981
1024 1034 1053 1066 1079
1095 1131 1153 1171 1173
1185 1188 1195 1207 1217
1278 1290 1294 1297 1304
1305 1312 1316 1322 1337
1344 1395 1414 1449 1450
1451 1453 1507 1521 1522
1552 1565 1611 1613 1617
1641 1654 1680 1683 1715
1722 1723 1735 1738 1761
1762 1788 1839 1843 1849
1851 1904 1909 1917 1918
1930 1965 1988 1989 2018
2020 2026 2034 2042 2051
2064 2080 2085 2086 2099
2107 2127 2128 2172 2177
2189 2217 2236 2253 2287
2341 2343 2372 2386 2392
2405 2417 2424 2425 2426
2440 2441 2442 2445 2465
2476 2482 2486 2493 2494
2501 2510 2512 2528 2531
2532 2557 2573 2597 2633
2651 2653 2684 2704 2715
2725 2732 2755 2762 2807
2809 2872 2887 2899 2907
2912 2918 2923 2946 2949
2971 2974 2976 2997 3011
3013 3017 3021 3068 3116
3142 3163 3168 3179 3188
3204 3206 3207 3297 3331
3340 3380 3402 3453 3456
3475 3479 3484 3490 3513
3528 3535 3537 3540 3609
3634 3643 3646 3655 3660
3684 3700 3717 3727 3753
3758 3765 3777 3789 3799
3812 3822 3852 3855 3864
3879 3880 3892 3919 3946
3956 3983 3988 4023 4030
4036 4042 4054 4065 4075
