20 28 50 52 62
113 114 124 126 145
164 169 173 177 181
198 216 246 247 266
269 284 316 325 328
334 346 367 371 401
403 407 417 425 431
453 467 494 503 562
564 578 591 598 629
647 653 664 665 675
690 697 699 715 722
728 743 745 748 749
750 757 759 777 784
807 851 858 866 887
901 914 939 942 967
973 1017 1018 1024 1026
1050 1057 1085 1100 1102
1108 1116 1117 1162 1173
1182 1213 1224 1228 1256
1371 1373 1401 1451 1503
1526 1534 1543 1550 1552
1558 1571 1575 1604 1613
1619 1628 1636 1652 1679
1681 1687 1691 1718 1760
1814 1865 1873 1874 1879
1882 1898 1899 1901 1940
1966 2011 2015 2028 2081
2117 2118 2119 2142 2149
2157 2160 2210 2215 2221
2230 2234 2265 2279 2305
2318 2324 2330 2331 2349
2357 2358 2404 2414 2428
2438 2466 2471 2480 2488
2502 2508 2540 2551 2564
2590 2605 2613 2615 2626
2652 2671 2678 2679 2721
2722 2727 2739 2754 2756
2784 2786 2821 2855 2858
2863 2875 2878 2893 2894
2904 2931 2942 2983 3017
3045 3101 3105 3112 3134
3166 3188 3193 3198 3215
3220 3229 3247 3256 3262
3280 3330 3367 3411 3436
3459 3464 3478 3518 3519
3566 3574 3616 3621 3622
3625 3631 3638 3646 3662
3667 3682 3690 3722 3723
3745 3747 3759 3760 3766
3792 3804 3808 3816 3861
3868 3869 3888 3900 3946
3956 3982 3985 3993 4013
4015 4025 4028 4030 4035
4078 4093 4094
