1805 1806 1807 1808 1809
1810 1811 1812 1813 1814
1815 1816 1817 1818 1819
1820 1821 1822 1823 1824
1825 1826 1827 1828 1829
1830 1831 1832 1833 1834
1835 1836 1837 1838 1839
1840 1841 1842 1843 1844
1845 1846 1847 1848 1849
1850 1851 1852 1853 1854
1855 1856 1857 1858 1859
1860 1861 1862 1863 1864
1865 1866 1867 1868 1869
1870 1871 1872 1873 1874
1875 1876 1877 1878 1879
1880 1881 1882 1883 1884
1885 1886 2297 2298 2299
2300 2301 2302 2303 2304
2305 2306 2307 2308 2309
2310 2311 2312 2313 2314
2315 2316 2317 2318 2319
2320 2321 2322 2323 2324
2325 2326 2327 2328 2329
2330 2331 2332 2333 2334
2335 2336 2337 2338 2339
2340 2341 2342 2343 2344
2345 2346 2347 2348 2349
2350 2351 2352 2353 2354
2355 2356 2357 2358 2359
2360 2361 2362 2363 2364
2365 2366 2367 2368 2369
2370 2371 2372 2373 2374
2375 2376 2377 2378
