575 576 577 578 579
580 581 582 583 584
585 586 587 588 589
590 591 592 593 594
595 596 597 598 599
600 601 602 603 604
605 606 607 608 609
610 611 612 613 614
615 616 617 618 619
620 621 622 623 624
625 626 627 628 629
630 631 632 633 634
635 636 637 638 639
640 641 642 643 644
645 646 647 648 649
650 651 652 653 654
655 656 1559 1560 1561
1562 1563 1564 1565 1566
1567 1568 1569 1570 1571
1572 1573 1574 1575 1576
1577 1578 1579 1580 1581
1582 1583 1584 1585 1586
1587 1588 1589 1590 1591
1592 1593 1594 1595 1596
1597 1598 1599 1600 1601
1602 1603 1604 1605 1606
1607 1608 1609 1610 1611
1612 1613 1614 1615 1616
1617 1618 1619 1620 1621
1622 1623 1624 1625 1626
1627 1628 1629 1630 1631
1632 1633 1634 1635 1636
1637 1638 1639 1640 1805
1806 1807 1808 1809 1810
1811 1812 1813 1814 1815
1816 1817 1818 1819 1820
1821 1822 1823 1824 1825
1826 1827 1828 1829 1830
1831 1832 1833 1834 1835
1836 1837 1838 1839 1840
1841 1842 1843 1844 1845
1846 1847 1848 1849 1850
1851 1852 1853 1854 1855
1856 1857 1858 1859 1860
1861 1862 1863 1864 1865
1866 1867 1868 1869 1870
1871 1872 1873 1874 1875
1876 1877 1878 1879 1880
1881 1882 1883 1884 1885
1886 2133 2134 2135 2136
2137 2138 2139 2140 2141
2142 2143 2144 2145 2146
2147 2148 2149 2150 2151
2152 2153 2154 2155 2156
2157 2158 2159 2160 2161
2162 2163 2164 2165 2166
2167 2168 2169 2170 2171
2172 2173 2174 2175 2176
2177 2178 2179 2180 2181
2182 2183 2184 2185 2186
2187 2188 2189 2190 2191
2192 2193 2194 2195 2196
2197 2198 2199 2200 2201
2202 2203 2204 2205 2206
2207 2208 2209 2210 2211
2212 2213 2214 4014 4015
4016 4017 4018 4019 4020
4021 4022 4023 4024 4025
4026 4027 4028 4029 4030
4031 4032 4033 4034 4035
4036 4037 4038 4039 4040
4041 4042 4043 4044 4045
4046 4047 4048 4049 4050
4051 4052 4053 4054 4055
4056 4057 4058 4059 4060
4061 4062 4063 4064 4065
4066 4067 4068 4069 4070
4071 4072 4073 4074 4075
4076 4077 4078 4079 4080
4081 4082 4083 4084 4085
4086 4087 4088 4089 4090
4091 4092 4093 4094
