1407 1408 1409 1410 1419
1420 1421 1495 1496 1497
1498 1542 1543 1855 1858
1859 1860 1870 1871 1873
1874 1875 1876 1877 2117
2118 2119 2120 2160 2161
2652 2676 2910 2934 3066
3067 3068 3069 3070 3071
3072 3073 3074 3075 3076
3077 3078 3079 3080 3081
3082 3083 3084 3085 3086
3087 3088 3089 3090 3091
3196 3197 3198 3258 3259
3260 3261 3262 3263 3264
3265 3266 3267 3268 3269
3270 3271 3272 3284 3285
3286 3287 3288 3289 3290
3291 3292 3293 3294 3295
3296 3297 3298 3299 3300
3301 3302 3303 3494 3495
3496 3739 3809 3810 3847
3874
