329 330 331 332 333
334 335 336 337 338
339 340 341 342 343
344 345 346 347 348
349 350 351 352 353
354 355 356 357 358
359 360 361 362 363
364 365 366 367 368
369 370 371 372 373
374 375 376 377 378
379 380 381 382 383
384 385 386 387 388
389 390 391 392 393
394 395 396 397 398
399 400 401 402 403
404 405 406 407 408
409 410 903 904 905
906 907 908 909 910
911 912 913 914 915
916 917 918 919 920
921 922 923 924 925
926 927 928 929 930
931 932 933 934 935
936 937 938 939 940
941 942 943 944 945
946 947 948 949 950
951 952 953 954 955
956 957 958 959 960
961 962 963 964 965
966 967 968 969 970
971 972 973 974 975
976 977 978 979 980
981 982 983 984 985
986 987 988 989 990
991 992 993 994 995
996 997 998 999 1000
1001 1002 1003 1004 1005
1006 1007 1008 1009 1010
1011 1012 1013 1014 1015
1016 1017 1018 1019 1020
1021 1022 1023 1024 1025
1026 1027 1028 1029 1030
1031 1032 1033 1034 1035
1036 1037 1038 1039 1040
1041 1042 1043 1044 1045
1046 1047 1048 1049 1050
1051 1052 1053 1054 1055
1056 1057 1058 1059 1060
1061 1062 1063 1064 1065
1066 1231 1232 1233 1234
1235 1236 1237 1238 1239
1240 1241 1242 1243 1244
1245 1246 1247 1248 1249
1250 1251 1252 1253 1254
1255 1256 1257 1258 1259
1260 1261 1262 1263 1264
1265 1266 1267 1268 1269
1270 1271 1272 1273 1274
1275 1276 1277 1278 1279
1280 1281 1282 1283 1284
1285 1286 1287 1288 1289
1290 1291 1292 1293 1294
1295 1296 1297 1298 1299
1300 1301 1302 1303 1304
1305 1306 1307 1308 1309
1310 1311 1312 2461 2462
2463 2464 2465 2466 2467
2468 2469 2470 2471 2472
2473 2474 2475 2476 2477
2478 2479 2480 2481 2482
2483 2484 2485 2486 2487
2488 2489 2490 2491 2492
2493 2494 2495 2496 2497
2498 2499 2500 2501 2502
2503 2504 2505 2506 2507
2508 2509 2510 2511 2512
2513 2514 2515 2516 2517
2518 2519 2520 2521 2522
2523 2524 2525 2526 2527
2528 2529 2530 2531 2532
2533 2534 2535 2536 2537
2538 2539 2540 2541 2542
3117 3118 3119 3120 3121
3122 3123 3124 3125 3126
3127 3128 3129 3130 3131
3132 3133 3134 3135 3136
3137 3138 3139 3140 3141
3142 3143 3144 3145 3146
3147 3148 3149 3150 3151
3152 3153 3154 3155 3156
3157 3158 3159 3160 3161
3162 3163 3164 3165 3166
3167 3168 3169 3170 3171
3172 3173 3174 3175 3176
3177 3178 3179 3180 3181
3182 3183 3184 3185 3186
3187 3188 3189 3190 3191
3192 3193 3194 3195 3196
3197 3198
