14 17 26 46 58
69 78 87 93 95
97 102 116 118 154
175 183 198 272 293
295 297 304 309 338
346 365 374 407 419
444 449 489 538 549
567 589 606 616 630
631 644 659 665 676
680 687 695 706 719
722 770 779 781 806
817 821 851 858 866
887 901 914 925 929
941 952 962 1017 1018
1024 1032 1044 1045 1068
1070 1095 1103 1112 1136
1144 1175 1177 1213 1224
1228 1256 1371 1373 1401
1451 1503 1526 1534 1543
1550 1552 1558 1571 1575
1604 1613 1619 1628 1633
1644 1679 1680 1689 1718
1728 1729 1730 1763 1792
1805 1807 1821 1830 1832
1833 1874 1906 1927 1929
1959 1965 1988 1994 2006
2032 2065 2069 2087 2088
2092 2093 2111 2112 2135
2159 2162 2163 2175 2177
2225 2242 2253 2266 2322
2323 2341 2370 2382 2390
2397 2419 2426 2442 2446
2447 2453 2456 2483 2490
2496 2508 2512 2515 2527
2531 2535 2558 2562 2564
2590 2605 2613 2619 2648
2668 2683 2731 2732 2733
2737 2744 2748 2753 2765
2767 2768 2787 2802 2819
2829 2832 2839 2843 2846
2853 2858 2863 2875 2878
2893 2894 2904 2942 2983
3017 3043 3090 3092 3097
3098 3105 3112 3137 3180
3189 3192 3193 3209 3221
3233 3253 3256 3264 3311
3337 3358 3400 3451 3466
3501 3502 3523 3531 3562
3577 3582 3607 3653 3656
3667 3670 3681 3691 3720
3724 3728 3736 3743 3746
3747 3777 3825 3828 3838
3839 3855 3914 3943 3962
3963 3979 3983 4000 4018
4021 4024 4029 4064 4080
4084
