36 52 72 79 90
108 197 201 207 221
228 231 232 264 284
308 318 352 381 392
404 429 437 480 487
491 517 531 541 544
548 550 576 577 585
631 638 658 661 663
676 686 700 701 728
732 783 789 795 799
800 836 885 888 894
896 903 923 937 960
967 1024 1034 1053 1066
1079 1095 1128 1149 1209
1220 1225 1226 1235 1241
1242 1250 1277 1291 1295
1316 1318 1373 1374 1381
1384 1390 1425 1445 1450
1488 1501 1548 1557 1563
1567 1575 1576 1594 1618
1621 1627 1635 1637 1647
1658 1681 1692 1699 1701
1721 1729 1738 1740 1753
1774 1779 1796 1827 1838
1860 1881 1883 1884 1904
1913 1923 1928 1932 1934
1963 1966 1970 1972 1977
1988 2022 2033 2042 2071
2074 2080 2085 2086 2099
2107 2127 2128 2172 2177
2189 2245 2248 2261 2266
2268 2360 2386 2405 2417
2424 2425 2426 2440 2441
2445 2465 2476 2482 2486
2493 2494 2501 2510 2512
2528 2531 2532 2557 2573
2597 2633 2651 2653 2684
2704 2715 2725 2732 2755
2762 2807 2809 2872 2887
2899 2907 2912 2918 2923
2946 2949 2971 2974 2976
2997 3011 3013 3017 3021
3068 3130 3146 3156 3165
3174 3182 3189 3193 3194
3201 3248 3257 3290 3312
3317 3326 3329 3370 3390
3435 3488 3509 3526 3537
3560 3565 3570 3590 3614
3616 3625 3632 3720 3725
3750 3751 3770 3786 3790
3800 3839 3879 3892 3894
3895 3896 3901 3905 3920
3921 3928 3930 3966 3970
3973 3990 4003 4042 4081
