821 822 823 824 825
826 827 828 829 830
831 832 833 834 835
836 837 838 839 840
841 842 843 844 845
846 847 848 849 850
851 852 853 854 855
856 857 858 859 860
861 862 863 864 865
866 867 868 869 870
871 872 873 874 875
876 877 878 879 880
881 882 883 884 885
886 887 888 889 890
891 892 893 894 895
896 897 898 899 900
901 902 985 986 987
988 989 990 991 992
993 994 995 996 997
998 999 1000 1001 1002
1003 1004 1005 1006 1007
1008 1009 1010 1011 1012
1013 1014 1015 1016 1017
1018 1019 1020 1021 1022
1023 1024 1025 1026 1027
1028 1029 1030 1031 1032
1033 1034 1035 1036 1037
1038 1039 1040 1041 1042
1043 1044 1045 1046 1047
1048 1049 1050 1051 1052
1053 1054 1055 1056 1057
1058 1059 1060 1061 1062
1063 1064 1065 1066 1559
1560 1561 1562 1563 1564
1565 1566 1567 1568 1569
1570 1571 1572 1573 1574
1575 1576 1577 1578 1579
1580 1581 1582 1583 1584
1585 1586 1587 1588 1589
1590 1591 1592 1593 1594
1595 1596 1597 1598 1599
1600 1601 1602 1603 1604
1605 1606 1607 1608 1609
1610 1611 1612 1613 1614
1615 1616 1617 1618 1619
1620 1621 1622 1623 1624
1625 1626 1627 1628 1629
1630 1631 1632 1633 1634
1635 1636 1637 1638 1639
1640 1805 1806 1807 1808
1809 1810 1811 1812 1813
1814 1815 1816 1817 1818
1819 1820 1821 1822 1823
1824 1825 1826 1827 1828
1829 1830 1831 1832 1833
1834 1835 1836 1837 1838
1839 1840 1841 1842 1843
1844 1845 1846 1847 1848
1849 1850 1851 1852 1853
1854 1855 1856 1857 1858
1859 1860 1861 1862 1863
1864 1865 1866 1867 1868
1869 1870 1871 1872 1873
1874 1875 1876 1877 1878
1879 1880 1881 1882 1883
1884 1885 1886 4014 4015
4016 4017 4018 4019 4020
4021 4022 4023 4024 4025
4026 4027 4028 4029 4030
4031 4032 4033 4034 4035
4036 4037 4038 4039 4040
4041 4042 4043 4044 4045
4046 4047 4048 4049 4050
4051 4052 4053 4054 4055
4056 4057 4058 4059 4060
4061 4062 4063 4064 4065
4066 4067 4068 4069 4070
4071 4072 4073 4074 4075
4076 4077 4078 4079 4080
4081 4082 4083 4084 4085
4086 4087 4088 4089 4090
4091 4092 4093 4094
