2 10 11 25 47
52 57 121 152 165
181 218 224 233 248
263 317 319 331 346
389 418 419 426 431
459 470 484 488 500
508 510 523 542 556
561 569 571 576 581
602 625 646 659 702
708 733 759 761 766
805 809 810 823 836
885 894 914 935 955
970 980 982 992 1014
1022 1029 1035 1058 1115
1116 1127 1135 1155 1162
1165 1181 1183 1192 1209
1230 1237 1260 1280 1296
1304 1312 1334 1337 1375
1397 1404 1405 1406 1413
1431 1433 1438 1465 1468
1474 1478 1480 1490 1502
1509 1517 1523 1533 1548
1583 1594 1611 1615 1618
1645 1655 1661 1674 1676
1710 1720 1730 1745 1749
1775 1793 1798 1800 1805
1812 1836 1887 1893 1894
1918 1934 1937 1944 1947
1950 2003 2014 2046 2052
2056 2063 2066 2073 2074
2111 2127 2129 2133 2144
2172 2204 2215 2245 2260
2265 2328 2346 2367 2368
2376 2424 2432 2438 2459
2470 2489 2490 2499 2502
2509 2515 2516 2518 2523
2554 2555 2612 2641 2642
2663 2665 2667 2670 2672
2673 2716 2725 2756 2769
2784 2794 2809 2811 2849
2852 2872 2873 2886 2916
2985 2997 2998 3007 3022
3043 3092 3136 3146 3189
3197 3198 3213 3225 3231
3250 3258 3265 3297 3331
3340 3380 3402 3442 3449
3565 3580 3585 3593 3605
3615 3631 3652 3664 3706
3709 3747 3751 3755 3761
3819 3827 3832 3839 3861
3915 3947 3950 3957 3974
3977 3983 3985 3991 3999
4045 4052 4055 4057
