6 8 24 31 33
37 38 43 54 57
61 88 92 140 143
171 198 226 233 245
246 254 272 293 295
297 304 333 349 371
381 402 416 452 482
494 504 513 524 531
538 546 589 606 610
633 635 655 709 738
749 753 757 774 790
824 832 844 847 855
901 931 945 950 970
976 979 1030 1038 1086
1119 1122 1125 1148 1157
1199 1201 1208 1210 1227
1288 1305 1312 1323 1349
1359 1360 1372 1379 1390
1401 1405 1434 1444 1469
1472 1476 1480 1500 1510
1534 1543 1550 1552 1558
1571 1575 1604 1613 1619
1628 1636 1652 1679 1681
1687 1691 1718 1742 1748
1753 1777 1813 1823 1842
1855 1863 1868 1872 1888
1904 1917 1922 1923 1933
1938 1943 1946 1954 1958
1979 1987 1995 2011 2036
2052 2067 2073 2081 2121
2123 2132 2152 2156 2158
2160 2162 2204 2226 2239
2302 2318 2325 2347 2348
2351 2384 2391 2394 2420
2442 2446 2447 2453 2456
2483 2490 2496 2508 2512
2515 2527 2531 2535 2558
2562 2564 2590 2605 2613
2619 2648 2659 2662 2663
2667 2723 2725 2729 2732
2742 2743 2751 2762 2776
2797 2818 2824 2829 2843
2847 2857 2858 2865 2893
2894 2904 2931 2942 2983
3013 3041 3060 3101 3105
3112 3134 3166 3188 3193
3198 3215 3220 3229 3256
3262 3293 3310 3332 3337
3371 3373 3398 3403 3404
3425 3442 3471 3492 3503
3516 3520 3533 3536 3553
3556 3620 3634 3678 3696
3710 3714 3719 3773 3794
3803 3820 3827 3836 3837
3851 3855 3891 3899 3916
3951 3958 3970 3987 4005
4020 4023 4037 4052 4074
4092
