513 676 1673 1674 1675
1699 1701 1702 1703 1717
1718 1719 1720 1728 1730
1731 1732 1733 1734 1746
1747 1758 1785 1786 1787
1788 1807 1808 1819 1887
1888 1938 1939 1940 2181
2227 2307 2308 2312 2313
2330 2331 2332 2333 2347
2348 2350 2351 2352 2383
2384 2385 2386 2387 2399
2400 2401 2402 2403 2405
2415 2416 2417 2418 2419
2420 2422 2425 2426 2435
2436 2437 2438 2439 2440
2446 2447 2448 2455 2456
2457 2458 2461 2462 2463
2464 2465 2466 2467 2471
2478 2479 2480 2483 2498
2510 2511 2512 2513 2514
2515 2516 2520 2524 2525
2539 2540 2541 2542 2543
2544 2545 2546 2547 2548
2549 2550 2551 2552 2553
2557 2558 2561 2562 2565
2566 2567 2568 2569 2630
2631 2632 2633 2634 2642
2683 2684 2686 2704 2705
2708 2716 2717 2718 2719
2720 2721 2722 2723 2724
2917 2991 3115 3116 3117
3118 3124 3266 3268 3269
3292 3296 3297 3298 3299
3300 3419 3420 3421 3422
3423 3442 3486 3807 3815
3845 3853 3873 3876 3877
3878
