1231 1232 1233 1234 1235
1236 1237 1238 1239 1240
1241 1242 1243 1244 1245
1246 1247 1248 1249 1250
1251 1252 1253 1254 1255
1256 1257 1258 1259 1260
1261 1262 1263 1264 1265
1266 1267 1268 1269 1270
1271 1272 1273 1274 1275
1276 1277 1278 1279 1280
1281 1282 1283 1284 1285
1286 1287 1288 1289 1290
1291 1292 1293 1294 1295
1296 1297 1298 1299 1300
1301 1302 1303 1304 1305
1306 1307 1308 1309 1310
1311 1312 2051 2052 2053
2054 2055 2056 2057 2058
2059 2060 2061 2062 2063
2064 2065 2066 2067 2068
2069 2070 2071 2072 2073
2074 2075 2076 2077 2078
2079 2080 2081 2082 2083
2084 2085 2086 2087 2088
2089 2090 2091 2092 2093
2094 2095 2096 2097 2098
2099 2100 2101 2102 2103
2104 2105 2106 2107 2108
2109 2110 2111 2112 2113
2114 2115 2116 2117 2118
2119 2120 2121 2122 2123
2124 2125 2126 2127 2128
2129 2130 2131 2132 3771
3772 3773 3774 3775 3776
3777 3778 3779 3780 3781
3782 3783 3784 3785 3786
3787 3788 3789 3790 3791
3792 3793 3794 3795 3796
3797 3798 3799 3800 3801
3802 3803 3804 3805 3806
3807 3808 3809 3810 3811
3812 3813 3814 3815 3816
3817 3818 3819 3820 3821
3822 3823 3824 3825 3826
3827 3828 3829 3830 3831
3832 3833 3834 3835 3836
3837 3838 3839 3840 3841
3842 3843 3844 3845 3846
3847 3848 3849 3850 3851
