493 494 495 496 497
498 499 500 501 502
503 504 505 506 507
508 509 510 511 512
513 514 515 516 517
518 519 520 521 522
523 524 525 526 527
528 529 530 531 532
533 534 535 536 537
538 539 540 541 542
543 544 545 546 547
548 549 550 551 552
553 554 555 556 557
558 559 560 561 562
563 564 565 566 567
568 569 570 571 572
573 574 3117 3118 3119
3120 3121 3122 3123 3124
3125 3126 3127 3128 3129
3130 3131 3132 3133 3134
3135 3136 3137 3138 3139
3140 3141 3142 3143 3144
3145 3146 3147 3148 3149
3150 3151 3152 3153 3154
3155 3156 3157 3158 3159
3160 3161 3162 3163 3164
3165 3166 3167 3168 3169
3170 3171 3172 3173 3174
3175 3176 3177 3178 3179
3180 3181 3182 3183 3184
3185 3186 3187 3188 3189
3190 3191 3192 3193 3194
3195 3196 3197 3198
