16 20 37 51 57
98 105 112 137 153
155 164 181 207 224
226 239 251 252 265
266 291 302 311 321
322 332 334 336 337
338 352 360 377 387
393 404 420 445 448
449 455 456 458 465
466 486 501 529 555
566 580 591 598 629
632 633 636 648 665
711 715 742 744 772
775 778 781 806 817
821 851 858 866 887
901 914 925 929 941
952 962 1017 1018 1024
1032 1044 1045 1068 1070
1095 1103 1112 1136 1144
1175 1177 1213 1224 1228
1256 1371 1373 1401 1451
1503 1526 1534 1543 1550
1552 1558 1571 1575 1604
1613 1619 1628 1636 1653
1664 1675 1682 1700 1721
1746 1747 1759 1769 1771
1782 1801 1829 1845 1849
1850 1863 1868 1872 1880
1888 1937 1944 1952 1956
1978 1987 1998 2002 2009
2028 2031 2034 2037 2074
2107 2119 2120 2149 2166
2178 2187 2220 2279 2280
2302 2322 2323 2341 2370
2382 2390 2397 2419 2426
2442 2446 2447 2453 2456
2483 2490 2496 2508 2512
2515 2527 2531 2535 2558
2562 2564 2590 2605 2613
2619 2648 2668 2683 2731
2732 2733 2737 2744 2748
2753 2765 2767 2768 2787
2802 2819 2829 2832 2839
2843 2846 2853 2858 2863
2875 2878 2893 2894 2930
2955 2973 3000 3025 3031
3042 3051 3057 3103 3121
3137 3180 3189 3192 3193
3209 3221 3242 3337 3358
3400 3451 3466 3501 3502
3523 3531 3560 3574 3591
3594 3598 3609 3619 3622
3630 3637 3640 3647 3650
3658 3660 3680 3683 3688
3689 3708 3733 3753 3770
3791 3862 3870 3907 3911
3921 3939 3969 3981 4025
4094
