5 13 19 20 78
88 89 98 142 150
162 164 190 192 209
220 252 270 272 274
282 284 304 309 386
428 458 471 474 486
491 534 542 551 558
592 593 595 601 604
611 637 660 665 679
680 683 700 701 728
732 783 789 795 799
800 836 885 888 894
896 903 923 937 960
967 980 987 1000 1011
1015 1032 1036 1045 1046
1059 1076 1087 1125 1129
1167 1186 1204 1221 1224
1239 1292 1299 1312 1320
1390 1403 1428 1451 1475
1500 1507 1513 1547 1555
1559 1565 1587 1596 1623
1632 1643 1669 1679 1713
1720 1737 1741 1786 1796
1799 1809 1837 1873 1887
1888 1896 1904 1910 1920
1941 1949 1965 1989 1992
2011 2028 2045 2057 2060
2074 2091 2098 2114 2121
2126 2131 2138 2166 2176
2178 2193 2200 2230 2254
2283 2291 2317 2320 2327
2335 2350 2354 2357 2377
2409 2423 2425 2447 2460
2471 2480 2493 2553 2566
2579 2603 2614 2628 2630
2641 2687 2721 2782 2790
2801 2905 2919 2939 2949
2954 2958 2961 2987 3042
3061 3064 3066 3069 3098
3149 3151 3169 3188 3192
3233 3275 3285 3294 3295
3296 3305 3378 3390 3407
3433 3439 3453 3458 3462
3463 3473 3488 3497 3499
3512 3517 3533 3541 3544
3554 3559 3569 3601 3621
3646 3670 3679 3685 3686
3689 3703 3704 3721 3755
3758 3759 3797 3799 3804
3814 3820 3851 3859 3865
3884 3886 3889 3896 3903
3911 3934 3947 3951 3957
3968 3974 3982 3983 3986
4007 4023 4059 4064 4087
4089
