41 47 54 58 73
80 84 95 128 142
149 151 173 178 186
198 211 212 242 262
263 268 300 308 309
319 322 337 347 351
357 368 381 439 458
461 470 478 502 506
526 626 649 658 687
700 763 784 788 789
791 809 816 832 864
889 899 905 906 924
931 932 935 956 993
1029 1036 1037 1038 1039
1040 1056 1058 1076 1115
1119 1122 1125 1157 1165
1187 1216 1253 1309 1317
1330 1347 1376 1392 1421
1428 1435 1439 1469 1489
1505 1514 1518 1521 1528
1532 1542 1546 1566 1570
1571 1589 1617 1634 1662
1664 1697 1699 1711 1721
1731 1738 1748 1784 1800
1804 1809 1818 1843 1885
1901 1931 1946 1955 1960
2022 2038 2063 2069 2075
2093 2098 2100 2107 2122
2128 2148 2178 2200 2216
2220 2223 2235 2254 2277
2318 2319 2371 2406 2415
2416 2426 2441 2445 2452
2460 2463 2471 2487 2501
2522 2539 2546 2582 2583
2585 2612 2614 2622 2631
2635 2643 2669 2704 2710
2711 2730 2746 2762 2765
2772 2795 2806 2826 2846
2854 2857 2859 2865 2903
2905 2918 3010 3043 3074
3082 3085 3089 3093 3101
3106 3128 3141 3189 3196
3197 3198 3213 3223 3230
3236 3240 3313 3332 3338
3340 3343 3347 3360 3363
3365 3368 3376 3379 3401
3429 3479 3482 3486 3487
3500 3502 3515 3525 3528
3529 3545 3549 3554 3555
3601 3609 3643 3663 3666
3671 3698 3699 3716 3730
3749 3764 3778 3785 3817
3819 3829 3864 3879 3896
3910 3913 3917 3922 3953
3966 3980 3981 4015 4058
4060 4065 4068 4084 4092
