83 84 85 86 87
88 89 90 91 92
93 94 95 96 97
98 99 100 101 102
103 104 105 106 107
108 109 110 111 112
113 114 115 116 117
118 119 120 121 122
123 124 125 126 127
128 129 130 131 132
133 134 135 136 137
138 139 140 141 142
143 144 145 146 147
148 149 150 151 152
153 154 155 156 157
158 159 160 161 162
163 164 2215 2216 2217
2218 2219 2220 2221 2222
2223 2224 2225 2226 2227
2228 2229 2230 2231 2232
2233 2234 2235 2236 2237
2238 2239 2240 2241 2242
2243 2244 2245 2246 2247
2248 2249 2250 2251 2252
2253 2254 2255 2256 2257
2258 2259 2260 2261 2262
2263 2264 2265 2266 2267
2268 2269 2270 2271 2272
2273 2274 2275 2276 2277
2278 2279 2280 2281 2282
2283 2284 2285 2286 2287
2288 2289 2290 2291 2292
2293 2294 2295 2296 3527
3528 3529 3530 3531 3532
3533 3534 3535 3536 3537
3538 3539 3540 3541 3542
3543 3544 3545 3546 3547
3548 3549 3550 3551 3552
3553 3554 3555 3556 3557
3558 3559 3560 3561 3562
3563 3564 3565 3566 3567
3568 3569 3570 3571 3572
3573 3574 3575 3576 3577
3578 3579 3580 3581 3582
3583 3584 3585 3586 3587
3588 3589 3590 3591 3592
3593 3594 3595 3596 3597
3598 3599 3600 3601 3602
3603 3604 3605 3606 3607
3608
