22 46 51 52 83
86 110 113 129 140
147 192 206 207 215
226 230 270 285 302
315 346 369 370 372
375 403 412 432 449
457 483 524 526 527
530 550 553 588 615
622 647 654 656 662
697 709 712 748 787
808 824 825 849 851
877 883 890 892 906
917 940 978 980 985
999 1030 1046 1058 1060
1088 1104 1127 1142 1155
1186 1218 1232 1244 1260
1264 1277 1290 1300 1379
1382 1421 1439 1441 1493
1511 1517 1542 1566 1572
1583 1584 1588 1594 1600
1605 1623 1631 1637 1645
1664 1686 1706 1717 1732
1746 1750 1756 1776 1839
1846 1851 1857 1890 1896
1902 1909 1911 1914 1948
1964 1966 1989 2022 2048
2059 2076 2080 2091 2103
2114 2132 2147 2176 2184
2212 2214 2245 2247 2259
2320 2321 2333 2335 2359
2361 2375 2386 2401 2416
2434 2441 2442 2443 2451
2454 2468 2471 2481 2484
2508 2576 2612 2641 2642
2663 2665 2667 2670 2672
2673 2706 2711 2712 2772
2788 2816 2846 2850 2869
2877 2891 2932 2953 2954
2988 3002 3013 3021 3026
3040 3043 3046 3053 3136
3146 3189 3196 3197 3198
3213 3223 3230 3248 3258
3301 3316 3320 3346 3360
3363 3365 3368 3376 3379
3401 3429 3479 3482 3486
3487 3500 3502 3515 3525
3528 3529 3545 3549 3554
3555 3601 3625 3631 3637
3642 3650 3653 3723 3755
3824 3826 3830 3835 3855
3859 3872 3884 3918 3929
3939 3941 3958 4015 4046
4065 4070 4072 4076 4079
