4 13 24 28 32
51 53 66 71 102
106 108 111 115 137
162 163 171 185 197
199 235 242 251 255
276 295 305 310 314
317 340 370 379 422
448 449 470 478 484
499 505 540 553 558
583 590 599 618 625
628 653 675 677 692
730 731 739 802 865
888 916 922 943 961
974 986 995 1012 1017
1025 1034 1043 1045 1050
1054 1124 1127 1138 1143
1160 1174 1216 1223 1248
1251 1254 1280 1284 1286
1288 1291 1312 1321 1385
1392 1424 1428 1433 1437
1443 1447 1463 1485 1491
1535 1543 1559 1582 1612
1641 1657 1661 1684 1705
1729 1731 1732 1757 1781
1803 1836 1868 1873 1917
1961 1977 1994 1996 2050
2106 2119 2120 2129 2132
2146 2153 2158 2176 2204
2217 2227 2234 2237 2249
2253 2262 2267 2274 2280
2288 2310 2338 2342 2343
2353 2360 2385 2434 2466
2471 2480 2488 2502 2508
2540 2551 2586 2635 2671
2676 2677 2706 2718 2722
2785 2786 2807 2814 2817
2826 2842 2850 2851 2854
2863 2900 2904 2941 2942
2947 2990 2997 2998 3014
3019 3021 3038 3067 3082
3095 3096 3098 3103 3126
3142 3183 3200 3336 3342
3358 3411 3453 3541 3560
3574 3591 3594 3598 3609
3619 3630 3637 3640 3647
3650 3658 3660 3680 3683
3688 3689 3708 3729 3734
3744 3771 3797 3810 3816
3835 3845 3852 3859 3868
3875 3881 3887 3897 3923
3965 3975 3985 3987 3999
4016 4038 4045 4056 4061
4063 4066 4070
