3 18 24 35 36
48 51 79 110 112
116 141 146 149 158
197 200 206 235 258
310 311 331 332 336
339 354 384 389 401
423 426 427 460 462
469 492 500 525 552
576 594 603 628 664
706 707 763 764 775
804 807 821 826 829
835 840 874 897 913
918 920 938 941 967
1018 1062 1072 1092 1155
1190 1202 1213 1217 1218
1225 1231 1240 1257 1258
1259 1279 1284 1306 1320
1321 1347 1380 1383 1389
1427 1431 1435 1438 1448
1474 1484 1528 1581 1589
1605 1624 1646 1652 1659
1706 1735 1740 1809 1814
1844 1861 1866 1874 1878
1887 1897 1898 1899 1907
1908 1920 1937 1938 1939
1975 2001 2005 2029 2059
2082 2098 2148 2150 2184
2195 2220 2231 2296 2305
2307 2321 2336 2345 2365
2372 2377 2388 2408 2432
2464 2465 2471 2484 2486
2496 2500 2508 2526 2528
2530 2534 2542 2550 2553
2563 2589 2591 2594 2597
2617 2625 2637 2702 2720
2728 2738 2760 2786 2797
2827 2837 2849 2856 2878
2880 2895 2906 2918 2932
2951 2992 2997 3025 3039
3068 3104 3107 3133 3158
3169 3171 3202 3261 3262
3266 3279 3290 3295 3307
3324 3327 3340 3370 3387
3389 3426 3435 3443 3452
3471 3497 3529 3531 3547
3554 3573 3598 3615 3624
3626 3632 3636 3681 3705
3761 3764 3772 3777 3797
3798 3834 3868 3904 3934
3938 3967 3975 3997 4004
4011 4048 4058 4087 4095
