2543 2544 2545 2546 2547
2548 2549 2550 2551 2552
2553 2554 2555 2556 2557
2558 2559 2560 2561 2562
2563 2564 2565 2566 2567
2568 2569 2570 2571 2572
2573 2574 2575 2576 2577
2578 2579 2580 2581 2582
2583 2584 2585 2586 2587
2588 2589 2590 2591 2592
2593 2594 2595 2596 2597
2598 2599 2600 2601 2602
2603 2604 2605 2606 2607
2608 2609 2610 2611 2612
2613 2614 2615 2616 2617
2618 2619 2620 2621 2622
2623 2624 3199 3200 3201
3202 3203 3204 3205 3206
3207 3208 3209 3210 3211
3212 3213 3214 3215 3216
3217 3218 3219 3220 3221
3222 3223 3224 3225 3226
3227 3228 3229 3230 3231
3232 3233 3234 3235 3236
3237 3238 3239 3240 3241
3242 3243 3244 3245 3246
3247 3248 3249 3250 3251
3252 3253 3254 3255 3256
3257 3258 3259 3260 3261
3262 3263 3264 3265 3266
3267 3268 3269 3270 3271
3272 3273 3274 3275 3276
3277 3278 3279 3280
