1 2 3 4 5
6 7 8 9 10
11 12 13 14 15
16 17 18 19 20
21 22 23 24 25
26 27 28 29 30
31 32 33 34 35
36 37 38 39 40
41 42 43 44 45
46 47 48 49 50
51 52 53 54 55
56 57 58 59 60
61 62 63 64 65
66 67 68 69 70
71 72 73 74 75
76 77 78 79 80
81 82 83 84 85
86 87 88 89 90
91 92 93 94 95
96 97 98 99 100
101 102 103 104 105
106 107 108 109 110
111 112 113 114 115
116 117 118 119 120
121 122 123 124 125
126 127 128 129 130
131 132 133 134 135
136 137 138 139 140
141 142 143 144 145
146 147 148 149 150
151 152 153 154 155
156 157 158 159 160
161 162 163 164 2789
2790 2791 2792 2793 2794
2795 2796 2797 2798 2799
2800 2801 2802 2803 2804
2805 2806 2807 2808 2809
2810 2811 2812 2813 2814
2815 2816 2817 2818 2819
2820 2821 2822 2823 2824
2825 2826 2827 2828 2829
2830 2831 2832 2833 2834
2835 2836 2837 2838 2839
2840 2841 2842 2843 2844
2845 2846 2847 2848 2849
2850 2851 2852 2853 2854
2855 2856 2857 2858 2859
2860 2861 2862 2863 2864
2865 2866 2867 2868 2869
2870 2871 2872 2873 2874
2875 2876 2877 2878 2879
2880 2881 2882 2883 2884
2885 2886 2887 2888 2889
2890 2891 2892 2893 2894
2895 2896 2897 2898 2899
2900 2901 2902 2903 2904
2905 2906 2907 2908 2909
2910 2911 2912 2913 2914
2915 2916 2917 2918 2919
2920 2921 2922 2923 2924
2925 2926 2927 2928 2929
2930 2931 2932 2933 2934
2935 2936 2937 2938 2939
2940 2941 2942 2943 2944
2945 2946 2947 2948 2949
2950 2951 2952 3609 3610
3611 3612 3613 3614 3615
3616 3617 3618 3619 3620
3621 3622 3623 3624 3625
3626 3627 3628 3629 3630
3631 3632 3633 3634 3635
3636 3637 3638 3639 3640
3641 3642 3643 3644 3645
3646 3647 3648 3649 3650
3651 3652 3653 3654 3655
3656 3657 3658 3659 3660
3661 3662 3663 3664 3665
3666 3667 3668 3669 3670
3671 3672 3673 3674 3675
3676 3677 3678 3679 3680
3681 3682 3683 3684 3685
3686 3687 3688 3689
