31 39 47 51 78
82 99 105 118 125
133 136 146 151 164
171 172 195 227 239
250 251 266 272 284
292 330 353 363 366
389 390 407 415 447
460 463 487 533 542
569 585 591 592 628
642 661 685 710 732
734 744 752 753 765
770 788 849 854 865
877 927 935 960 962
964 970 975 977 991
1000 1009 1025 1034 1037
1042 1044 1053 1129 1150
1172 1179 1192 1254 1256
1279 1288 1294 1299 1335
1343 1351 1352 1388 1408
1431 1436 1442 1449 1452
1455 1462 1463 1490 1509
1514 1539 1552 1563 1564
1587 1596 1597 1603 1605
1613 1627 1635 1643 1658
1666 1703 1708 1713 1749
1763 1764 1792 1822 1833
1835 1874 1929 1965 1981
2013 2027 2031 2033 2054
2071 2119 2137 2155 2157
2195 2204 2210 2221 2222
2234 2248 2250 2257 2259
2273 2275 2278 2283 2306
2336 2338 2340 2355 2375
2402 2417 2423 2432 2440
2489 2496 2497 2498 2519
2537 2545 2567 2587 2608
2651 2653 2668 2683 2725
2726 2741 2772 2774 2778
2840 2872 2874 2893 2921
2927 2929 2956 2961 2982
2990 3004 3007 3012 3035
3036 3057 3058 3063 3092
3102 3105 3118 3120 3125
3146 3152 3153 3184 3198
3226 3247 3260 3279 3305
3325 3328 3335 3339 3367
3369 3371 3375 3376 3382
3384 3389 3398 3402 3425
3433 3443 3466 3467 3480
3494 3495 3521 3549 3566
3616 3653 3670 3685 3686
3697 3699 3706 3716 3720
3722 3731 3743 3750 3768
3777 3782 3789 3799 3805
3817 3840 3856 3866 3867
3892 3903 3934 3957 3959
3966 3975 3985 4000 4007
4041 4042 4078
