247 248 249 250 251
252 253 254 255 256
257 258 259 260 261
262 263 264 265 266
267 268 269 270 271
272 273 274 275 276
277 278 279 280 281
282 283 284 285 286
287 288 289 290 291
292 293 294 295 296
297 298 299 300 301
302 303 304 305 306
307 308 309 310 311
312 313 314 315 316
317 318 319 320 321
322 323 324 325 326
327 328 329 330 331
332 333 334 335 336
337 338 339 340 341
342 343 344 345 346
347 348 349 350 351
352 353 354 355 356
357 358 359 360 361
362 363 364 365 366
367 368 369 370 371
372 373 374 375 376
377 378 379 380 381
382 383 384 385 386
387 388 389 390 391
392 393 394 395 396
397 398 399 400 401
402 403 404 405 406
407 408 409 410 1559
1560 1561 1562 1563 1564
1565 1566 1567 1568 1569
1570 1571 1572 1573 1574
1575 1576 1577 1578 1579
1580 1581 1582 1583 1584
1585 1586 1587 1588 1589
1590 1591 1592 1593 1594
1595 1596 1597 1598 1599
1600 1601 1602 1603 1604
1605 1606 1607 1608 1609
1610 1611 1612 1613 1614
1615 1616 1617 1618 1619
1620 1621 1622 1623 1624
1625 1626 1627 1628 1629
1630 1631 1632 1633 1634
1635 1636 1637 1638 1639
1640 1723 1724 1725 1726
1727 1728 1729 1730 1731
1732 1733 1734 1735 1736
1737 1738 1739 1740 1741
1742 1743 1744 1745 1746
1747 1748 1749 1750 1751
1752 1753 1754 1755 1756
1757 1758 1759 1760 1761
1762 1763 1764 1765 1766
1767 1768 1769 1770 1771
1772 1773 1774 1775 1776
1777 1778 1779 1780 1781
1782 1783 1784 1785 1786
1787 1788 1789 1790 1791
1792 1793 1794 1795 1796
1797 1798 1799 1800 1801
1802 1803 1804 2543 2544
2545 2546 2547 2548 2549
2550 2551 2552 2553 2554
2555 2556 2557 2558 2559
2560 2561 2562 2563 2564
2565 2566 2567 2568 2569
2570 2571 2572 2573 2574
2575 2576 2577 2578 2579
2580 2581 2582 2583 2584
2585 2586 2587 2588 2589
2590 2591 2592 2593 2594
2595 2596 2597 2598 2599
2600 2601 2602 2603 2604
2605 2606 2607 2608 2609
2610 2611 2612 2613 2614
2615 2616 2617 2618 2619
2620 2621 2622 2623 2624
