9 22 27 44 60
81 93 107 117 124
127 136 137 143 157
167 192 203 209 228
230 251 253 262 287
295 317 338 363 371
380 419 422 427 441
452 473 476 490 491
494 505 515 527 540
542 564 574 588 589
590 611 615 621 650
658 668 689 720 766
798 799 826 831 840
861 866 875 890 898
905 909 923 938 954
973 987 995 1029 1065
1096 1111 1117 1125 1145
1146 1151 1153 1154 1158
1168 1170 1175 1176 1205
1231 1242 1243 1249 1253
1257 1259 1271 1305 1313
1314 1330 1335 1352 1357
1378 1381 1383 1425 1426
1449 1464 1473 1486 1491
1500 1524 1539 1568 1570
1579 1606 1613 1642 1645
1650 1685 1689 1698 1714
1716 1748 1769 1786 1788
1800 1824 1832 1867 1868
1909 1976 1988 2030 2033
2071 2075 2079 2085 2121
2143 2151 2156 2163 2184
2236 2273 2274 2284 2308
2316 2328 2331 2338 2344
2388 2438 2441 2460 2479
2481 2485 2494 2497 2505
2509 2510 2543 2569 2598
2634 2638 2648 2681 2745
2787 2795 2818 2837 2843
2876 2887 2894 2920 2952
2963 2964 2973 3031 3034
3035 3039 3041 3065 3093
3096 3104 3122 3126 3136
3158 3161 3187 3224 3226
3229 3238 3255 3258 3268
3295 3299 3324 3338 3360
3365 3375 3424 3438 3448
3471 3472 3516 3522 3528
3531 3543 3547 3585 3604
3616 3622 3636 3652 3687
3694 3707 3729 3749 3757
3774 3799 3812 3817 3824
3845 3897 3913 3919 3931
3951 3954 3970 3989 4064
4070 4071 4080
