26 42 52 58 73
91 106 115 122 130
146 147 169 174 178
241 244 267 276 300
312 334 335 344 353
363 365 366 369 370
380 400 407 410 411
438 446 466 475 476
501 540 559 566 576
590 603 612 622 685
686 706 711 739 765
776 795 816 851 870
887 890 892 907 933
950 952 962 963 989
990 1012 1074 1084 1090
1102 1104 1120 1143 1156
1159 1207 1210 1257 1258
1262 1273 1277 1286 1287
1310 1312 1320 1324 1330
1373 1374 1398 1405 1417
1436 1463 1474 1484 1506
1527 1534 1537 1540 1545
1547 1554 1596 1607 1613
1621 1637 1644 1649 1659
1667 1717 1732 1753 1762
1774 1796 1800 1812 1813
1819 1830 1838 1848 1852
1883 1894 1906 1919 1924
1931 1936 1951 1954 1967
1972 1973 1975 1982 1995
2013 2061 2080 2087 2124
2127 2155 2170 2172 2182
2202 2203 2206 2212 2214
2233 2252 2254 2357 2362
2392 2410 2414 2473 2476
2477 2481 2510 2528 2537
2544 2550 2578 2583 2587
2602 2603 2612 2623 2630
2664 2671 2685 2705 2707
2737 2752 2770 2778 2785
2788 2794 2800 2817 2836
2845 2856 2859 2862 2874
2877 2878 2895 2920 2934
2938 2941 2966 2969 2972
3012 3051 3089 3101 3118
3124 3130 3131 3153 3154
3159 3161 3162 3163 3208
3215 3225 3234 3313 3317
3323 3373 3431 3445 3477
3507 3511 3537 3550 3642
3646 3655 3679 3725 3751
3776 3781 3788 3817 3823
3834 3842 3860 3924 3937
3952 3970 3981 3988 3993
4019 4024 4044 4057 4085
4093
