7 33 50 81 85
90 137 147 154 163
176 186 195 209 216
217 219 233 243 280
281 286 317 319 327
337 368 370 387 420
442 451 453 458 468
479 488 503 519 525
532 549 556 602 612
614 616 621 698 706
715 719 731 736 813
814 823 826 833 839
840 847 878 879 896
964 969 970 972 977
1016 1024 1041 1067 1081
1107 1136 1149 1186 1199
1210 1225 1265 1266 1277
1299 1317 1323 1324 1342
1345 1353 1361 1364 1365
1366 1379 1424 1433 1450
1526 1529 1542 1550 1571
1572 1592 1595 1610 1618
1619 1634 1667 1680 1691
1693 1735 1748 1766 1772
1790 1806 1835 1838 1843
1853 1895 1901 1941 1943
1952 1969 1975 1981 1995
1997 1999 2035 2036 2041
2066 2070 2071 2077 2078
2086 2090 2093 2103 2107
2112 2121 2177 2184 2236
2273 2274 2284 2308 2316
2328 2331 2338 2344 2361
2368 2414 2428 2441 2451
2455 2501 2509 2510 2543
2569 2598 2646 2652 2691
2728 2730 2765 2790 2795
2796 2799 2800 2804 2807
2809 2816 2825 2842 2863
2871 2883 2887 2906 2908
2936 2942 2943 2954 2967
2985 2988 3002 3032 3065
3096 3117 3163 3187 3206
3219 3228 3238 3255 3258
3268 3295 3299 3324 3338
3360 3365 3375 3448 3459
3464 3476 3478 3483 3500
3534 3539 3551 3553 3595
3613 3629 3631 3675 3680
3727 3730 3731 3738 3739
3741 3770 3796 3823 3825
3856 3874 3902 3909 3927
3931 3936 3943 3944 3954
3977 3984 4046 4076 4080
4094
