985 986 987 988 989
990 991 992 993 994
995 996 997 998 999
1000 1001 1002 1003 1004
1005 1006 1007 1008 1009
1010 1011 1012 1013 1014
1015 1016 1017 1018 1019
1020 1021 1022 1023 1024
1025 1026 1027 1028 1029
1030 1031 1032 1033 1034
1035 1036 1037 1038 1039
1040 1041 1042 1043 1044
1045 1046 1047 1048 1049
1050 1051 1052 1053 1054
1055 1056 1057 1058 1059
1060 1061 1062 1063 1064
1065 1066 2707 2708 2709
2710 2711 2712 2713 2714
2715 2716 2717 2718 2719
2720 2721 2722 2723 2724
2725 2726 2727 2728 2729
2730 2731 2732 2733 2734
2735 2736 2737 2738 2739
2740 2741 2742 2743 2744
2745 2746 2747 2748 2749
2750 2751 2752 2753 2754
2755 2756 2757 2758 2759
2760 2761 2762 2763 2764
2765 2766 2767 2768 2769
2770 2771 2772 2773 2774
2775 2776 2777 2778 2779
2780 2781 2782 2783 2784
2785 2786 2787 2788 3117
3118 3119 3120 3121 3122
3123 3124 3125 3126 3127
3128 3129 3130 3131 3132
3133 3134 3135 3136 3137
3138 3139 3140 3141 3142
3143 3144 3145 3146 3147
3148 3149 3150 3151 3152
3153 3154 3155 3156 3157
3158 3159 3160 3161 3162
3163 3164 3165 3166 3167
3168 3169 3170 3171 3172
3173 3174 3175 3176 3177
3178 3179 3180 3181 3182
3183 3184 3185 3186 3187
3188 3189 3190 3191 3192
3193 3194 3195 3196 3197
3198
