493 494 495 496 497
498 499 500 501 502
503 504 505 506 507
508 509 510 511 512
513 514 515 516 517
518 519 520 521 522
523 524 525 526 527
528 529 530 531 532
533 534 535 536 537
538 539 540 541 542
543 544 545 546 547
548 549 550 551 552
553 554 555 556 557
558 559 560 561 562
563 564 565 566 567
568 569 570 571 572
573 574 2215 2216 2217
2218 2219 2220 2221 2222
2223 2224 2225 2226 2227
2228 2229 2230 2231 2232
2233 2234 2235 2236 2237
2238 2239 2240 2241 2242
2243 2244 2245 2246 2247
2248 2249 2250 2251 2252
2253 2254 2255 2256 2257
2258 2259 2260 2261 2262
2263 2264 2265 2266 2267
2268 2269 2270 2271 2272
2273 2274 2275 2276 2277
2278 2279 2280 2281 2282
2283 2284 2285 2286 2287
2288 2289 2290 2291 2292
2293 2294 2295 2296
