8 20 22 34 68
109 111 123 133 141
166 202 203 205 211
229 252 257 267 290
318 330 335 352 363
364 371 376 404 427
435 447 470 479 493
500 513 556 566 611
628 637 643 653 658
665 666 682 762 769
770 831 852 854 885
897 899 902 903 906
931 941 967 979 994
995 1013 1014 1031 1035
1046 1050 1100 1104 1112
1144 1146 1162 1178 1186
1202 1214 1218 1228 1257
1269 1276 1279 1285 1303
1307 1350 1365 1378 1386
1402 1407 1414 1421 1438
1448 1449 1474 1483 1545
1561 1562 1564 1588 1598
1615 1648 1656 1717 1726
1750 1757 1762 1766 1767
1783 1845 1849 1895 1903
1949 1951 1965 1975 1984
2018 2052 2066 2078 2081
2086 2110 2156 2163 2185
2223 2260 2264 2265 2268
2274 2293 2321 2330 2356
2377 2416 2468 2474 2498
2503 2514 2564 2577 2580
2586 2589 2593 2595 2610
2625 2635 2642 2692 2693
2741 2789 2813 2827 2845
2849 2854 2862 2872 2895
2899 2905 2932 2941 2953
2960 2966 2983 3001 3003
3036 3052 3077 3088 3110
3139 3142 3153 3166 3170
3174 3180 3184 3207 3211
3212 3219 3232 3239 3240
3250 3295 3314 3316 3335
3340 3360 3438 3448 3471
3472 3516 3522 3528 3531
3551 3567 3586 3590 3601
3629 3631 3636 3638 3660
3681 3689 3691 3741 3793
3807 3834 3841 3861 3878
3880 3909 3910 3937 3947
3966 3988 4001 4007 4057
4066 4075
