1395 1396 1397 1398 1399
1400 1401 1402 1403 1404
1405 1406 1407 1408 1409
1410 1411 1412 1413 1414
1415 1416 1417 1418 1419
1420 1421 1422 1423 1424
1425 1426 1427 1428 1429
1430 1431 1432 1433 1434
1435 1436 1437 1438 1439
1440 1441 1442 1443 1444
1445 1446 1447 1448 1449
1450 1451 1452 1453 1454
1455 1456 1457 1458 1459
1460 1461 1462 1463 1464
1465 1466 1467 1468 1469
1470 1471 1472 1473 1474
1475 1476 2543 2544 2545
2546 2547 2548 2549 2550
2551 2552 2553 2554 2555
2556 2557 2558 2559 2560
2561 2562 2563 2564 2565
2566 2567 2568 2569 2570
2571 2572 2573 2574 2575
2576 2577 2578 2579 2580
2581 2582 2583 2584 2585
2586 2587 2588 2589 2590
2591 2592 2593 2594 2595
2596 2597 2598 2599 2600
2601 2602 2603 2604 2605
2606 2607 2608 2609 2610
2611 2612 2613 2614 2615
2616 2617 2618 2619 2620
2621 2622 2623 2624 2953
2954 2955 2956 2957 2958
2959 2960 2961 2962 2963
2964 2965 2966 2967 2968
2969 2970 2971 2972 2973
2974 2975 2976 2977 2978
2979 2980 2981 2982 2983
2984 2985 2986 2987 2988
2989 2990 2991 2992 2993
2994 2995 2996 2997 2998
2999 3000 3001 3002 3003
3004 3005 3006 3007 3008
3009 3010 3011 3012 3013
3014 3015 3016 3017 3018
3019 3020 3021 3022 3023
3024 3025 3026 3027 3028
3029 3030 3031 3032 3033
3034 3117 3118 3119 3120
3121 3122 3123 3124 3125
3126 3127 3128 3129 3130
3131 3132 3133 3134 3135
3136 3137 3138 3139 3140
3141 3142 3143 3144 3145
3146 3147 3148 3149 3150
3151 3152 3153 3154 3155
3156 3157 3158 3159 3160
3161 3162 3163 3164 3165
3166 3167 3168 3169 3170
3171 3172 3173 3174 3175
3176 3177 3178 3179 3180
3181 3182 3183 3184 3185
3186 3187 3188 3189 3190
3191 3192 3193 3194 3195
3196 3197 3198
