1 223 279 396 1409
1410 1421 1497 1498 1543
1544 1545 1761 1855 1856
1857 1858 1859 1860 1861
1870 1871 1872 1873 1874
1875 1876 1877 1878 1879
1888 1889 2117 2118 2119
2120 2121 2122 2160 2161
2162 2163 2164 2174 2175
2206 2207 2208 2209 2273
2274 2275 2276 2277 2278
2282 2301 2314 2317 2318
2331 2332 2333 2351 2352
2386 2387 2388 2389 2401
2417 2428 2429 2437 2438
2457 2458 2461 2462 2463
2464 2480 2512 2513 2514
2541 2542 2548 2549 2550
2551 2564 2565 2566 2567
2632 2633 2638 2639 2652
2653 2654 2655 2656 2657
2658 2676 2677 2678 2679
2680 2681 2695 2696 2697
2698 2699 2700 2718 2719
2720 2721 2885 2886 2910
2911 2912 2913 2914 2915
2928 2929 2933 2934 2935
2936 2950 3053 3054 3055
3062 3063 3064 3066 3067
3068 3069 3070 3071 3072
3073 3074 3075 3076 3077
3078 3079 3080 3081 3082
3083 3084 3085 3086 3087
3088 3089 3090 3120 3121
3122 3165 3197 3198 3199
3200 3201 3245 3246 3247
3248 3249 3250 3251 3258
3259 3260 3261 3262 3263
3264 3265 3266 3267 3268
3269 3270 3271 3272 3273
3274 3275 3284 3285 3286
3287 3288 3289 3290 3291
3292 3293 3294 3295 3296
3297 3298 3299 3300 3301
3302 3303 3304 3305 3306
3307 3308 3309 3358 3412
3413 3414 3415 3416 3417
3418 3419 3420 3421 3422
3423 3424 3432 3433 3439
3440 3441 3495 3496 3497
3498 3499 3740 3741 3742
3760 3761 3762 3763 3809
3810 3811 3812 3813 3814
3847 3848 3849 3850 3851
3874 3875 3876 3877 3878
3896 3905 4049 4050 4051
