657 658 659 660 661
662 663 664 665 666
667 668 669 670 671
672 673 674 675 676
677 678 679 680 681
682 683 684 685 686
687 688 689 690 691
692 693 694 695 696
697 698 699 700 701
702 703 704 705 706
707 708 709 710 711
712 713 714 715 716
717 718 719 720 721
722 723 724 725 726
727 728 729 730 731
732 733 734 735 736
737 738 1559 1560 1561
1562 1563 1564 1565 1566
1567 1568 1569 1570 1571
1572 1573 1574 1575 1576
1577 1578 1579 1580 1581
1582 1583 1584 1585 1586
1587 1588 1589 1590 1591
1592 1593 1594 1595 1596
1597 1598 1599 1600 1601
1602 1603 1604 1605 1606
1607 1608 1609 1610 1611
1612 1613 1614 1615 1616
1617 1618 1619 1620 1621
1622 1623 1624 1625 1626
1627 1628 1629 1630 1631
1632 1633 1634 1635 1636
1637 1638 1639 1640
