17 23 28 32 82
85 88 91 94 111
113 166 183 186 194
199 240 249 284 302
377 379 382 383 385
400 406 416 442 445
456 487 489 491 507
520 548 581 589 598
629 659 682 686 693
720 737 778 782 805
816 824 834 844 848
854 877 886 896 898
908 922 939 942 959
961 964 965 974 975
1003 1024 1044 1046 1060
1082 1087 1115 1142 1144
1183 1190 1208 1221 1229
1233 1251 1255 1274 1282
1285 1313 1334 1335 1351
1353 1355 1364 1390 1421
1445 1453 1459 1480 1500
1506 1523 1544 1548 1597
1621 1640 1663 1668 1699
1710 1745 1765 1786 1789
1804 1829 1854 1866 1878
1889 1905 1918 1928 1943
1946 1955 1981 1984 1988
2007 2024 2033 2035 2064
2075 2081 2114 2141 2151
2183 2215 2233 2259 2270
2312 2330 2348 2365 2371
2379 2399 2405 2408 2454
2463 2476 2485 2492 2508
2509 2533 2537 2565 2668
2673 2691 2703 2721 2722
2737 2740 2742 2768 2781
2802 2803 2807 2860 2880
2907 2926 2932 2959 2987
3034 3040 3065 3096 3098
3109 3112 3113 3116 3124
3132 3135 3158 3171 3183
3197 3227 3251 3253 3298
3320 3348 3367 3400 3447
3516 3522 3527 3529 3543
3546 3548 3575 3577 3578
3584 3595 3611 3646 3664
3714 3726 3754 3764 3772
3802 3834 3835 3859 3867
3897 3900 3929 3959 3960
3980 3996 4008 4040 4042
4057 4062 4063 4090
