8 20 22 34 68
98 116 119 150 169
188 191 196 203 226
227 244 285 316 317
332 371 372 401 402
410 418 420 422 426
459 509 515 529 531
551 564 577 580 623
674 678 685 701 724
734 735 737 739 753
767 780 781 784 794
798 801 811 814 849
863 877 887 893 896
917 921 953 964 966
991 1011 1013 1075 1086
1123 1141 1160 1171 1184
1201 1213 1216 1218 1224
1226 1229 1239 1249 1286
1297 1324 1337 1342 1349
1358 1374 1378 1392 1409
1413 1415 1423 1427 1431
1438 1472 1483 1490 1497
1530 1536 1556 1564 1608
1612 1614 1631 1633 1636
1645 1670 1680 1706 1715
1724 1744 1752 1800 1808
1811 1815 1827 1830 1901
1906 1913 1934 1936 1968
1970 2011 2021 2029 2031
2046 2054 2056 2062 2080
2082 2103 2104 2177 2184
2236 2273 2274 2284 2308
2320 2326 2338 2344 2361
2368 2414 2428 2441 2451
2455 2501 2509 2510 2543
2569 2598 2610 2625 2635
2642 2692 2693 2741 2789
2813 2827 2845 2849 2854
2862 2872 2897 2929 2957
2969 3018 3020 3022 3095
3125 3129 3141 3144 3147
3155 3156 3181 3202 3254
3259 3285 3286 3288 3291
3302 3311 3374 3392 3443
3451 3466 3467 3471 3479
3484 3523 3526 3561 3562
3629 3640 3689 3699 3711
3747 3755 3790 3800 3815
3830 3857 3867 3869 3894
3923 3925 3926 3935 3954
3974 3979 3989 3996 4008
4014 4015 4018 4027 4028
4068 4081 4086 4090
