4 15 51 81 134
136 169 179 186 197
210 215 219 220 242
248 250 251 260 270
295 317 338 363 371
380 419 422 427 441
452 473 476 490 491
494 505 515 527 540
542 564 579 614 618
623 661 691 713 718
720 742 774 777 807
824 839 847 862 870
877 887 889 890 923
925 973 975 984 986
1008 1019 1033 1080 1081
1102 1122 1147 1161 1169
1192 1195 1210 1238 1282
1302 1316 1324 1326 1328
1342 1349 1377 1396 1407
1466 1474 1502 1518 1525
1530 1536 1561 1565 1566
1586 1595 1648 1671 1718
1777 1787 1824 1864 1889
1898 1911 1915 1918 1921
1930 1937 1966 1967 1970
1984 1985 1999 2027 2042
2096 2101 2128 2134 2146
2147 2174 2192 2195 2223
2235 2240 2246 2247 2253
2288 2299 2311 2372 2376
2389 2390 2392 2397 2403
2404 2408 2412 2429 2451
2459 2464 2489 2495 2505
2525 2532 2536 2546 2568
2589 2636 2637 2652 2654
2659 2721 2735 2737 2754
2767 2772 2787 2848 2851
2863 2882 2886 2892 2901
2915 2927 2940 2951 2953
2958 2961 3001 3005 3014
3015 3023 3051 3068 3074
3089 3094 3147 3180 3205
3218 3219 3220 3235 3246
3251 3256 3280 3312 3320
3324 3345 3350 3354 3390
3398 3419 3426 3468 3472
3492 3498 3519 3521 3530
3534 3555 3559 3568 3571
3572 3588 3596 3606 3609
3610 3615 3641 3644 3657
3667 3673 3680 3689 3702
3704 3751 3795 3801 3814
3820 3823 3831 3832 3854
3858 3874 3910 3947 3963
3986 3995 4024 4045 4059
4070
