1408 1409 1413 1541 1542
1543 1544 1633 1648 1855
1856 1857 1858 1872 1873
1874 1875 2087 2117 2118
2119 2159 2160 2161 2162
2386 2548 2563 2564 2575
2576 2577 2601 2602 2603
2604 2636 2637 2638 2639
3029 3030 3031 3057 3058
3059 3072 3073 3074 3076
3082 3083 3084 3196 3197
3198 3199 3200 3201 3243
3244 3245 3246 3247 3248
3249 3250 3258 3259 3260
3262 3264 3265 3266 3267
3268 3269 3270 3271 3272
3273 3274 3284 3285 3286
3287 3288 3289 3290 3291
3292 3293 3294 3295 3296
3297 3298 3299 3300 3301
3302 3304 3305 3306 3307
3308 3411 3412 3413 3414
3415 3416 3417 3418 3419
3420 3421 3422 3423 3424
3425 3430 3431 3432 3433
3434 3435 3444 3455 3456
3457 3494 3495 3504 3505
3758 3759 3760 3761 3762
3775 3809 3810 3847 3874
