903 904 905 906 907
908 909 910 911 912
913 914 915 916 917
918 919 920 921 922
923 924 925 926 927
928 929 930 931 932
933 934 935 936 937
938 939 940 941 942
943 944 945 946 947
948 949 950 951 952
953 954 955 956 957
958 959 960 961 962
963 964 965 966 967
968 969 970 971 972
973 974 975 976 977
978 979 980 981 982
983 984 2133 2134 2135
2136 2137 2138 2139 2140
2141 2142 2143 2144 2145
2146 2147 2148 2149 2150
2151 2152 2153 2154 2155
2156 2157 2158 2159 2160
2161 2162 2163 2164 2165
2166 2167 2168 2169 2170
2171 2172 2173 2174 2175
2176 2177 2178 2179 2180
2181 2182 2183 2184 2185
2186 2187 2188 2189 2190
2191 2192 2193 2194 2195
2196 2197 2198 2199 2200
2201 2202 2203 2204 2205
2206 2207 2208 2209 2210
2211 2212 2213 2214 2789
2790 2791 2792 2793 2794
2795 2796 2797 2798 2799
2800 2801 2802 2803 2804
2805 2806 2807 2808 2809
2810 2811 2812 2813 2814
2815 2816 2817 2818 2819
2820 2821 2822 2823 2824
2825 2826 2827 2828 2829
2830 2831 2832 2833 2834
2835 2836 2837 2838 2839
2840 2841 2842 2843 2844
2845 2846 2847 2848 2849
2850 2851 2852 2853 2854
2855 2856 2857 2858 2859
2860 2861 2862 2863 2864
2865 2866 2867 2868 2869
2870
