12 41 61 68 70
79 88 93 110 114
126 128 130 139 152
171 174 178 181 182
186 194 249 257 260
294 298 322 343 372
383 400 415 453 459
461 465 467 486 501
511 536 541 557 609
619 622 640 644 653
683 685 705 711 760
764 775 777 781 821
824 828 850 862 866
878 909 913 921 964
981 993 1040 1048 1054
1100 1104 1105 1109 1111
1137 1164 1185 1206 1210
1223 1225 1237 1238 1239
1251 1252 1253 1264 1281
1284 1287 1301 1335 1355
1359 1409 1462 1469 1479
1483 1487 1506 1516 1534
1549 1556 1586 1587 1588
1590 1596 1602 1611 1615
1625 1628 1634 1636 1645
1660 1669 1684 1686 1690
1694 1696 1708 1709 1738
1748 1750 1752 1754 1756
1773 1796 1811 1816 1823
1832 1833 1835 1869 1918
1936 1961 1972 1973 1982
2023 2054 2100 2110 2112
2166 2173 2177 2219 2225
2230 2236 2241 2253 2256
2258 2259 2271 2277 2296
2301 2310 2323 2360 2368
2379 2380 2395 2463 2483
2484 2500 2524 2530 2554
2564 2596 2614 2620 2644
2646 2660 2662 2674 2706
2735 2769 2776 2789 2793
2810 2813 2874 2888 2889
2906 2911 2915 2917 2921
2966 2981 2990 2992 3021
3037 3049 3080 3093 3107
3113 3125 3137 3140 3156
3167 3174 3184 3187 3197
3215 3219 3236 3314 3328
3330 3361 3393 3396 3455
3482 3497 3511 3527 3541
3552 3589 3608 3643 3649
3664 3684 3687 3700 3710
3721 3726 3754 3764 3772
3790 3792 3821 3824 3837
3838 3926 3958 3964 3997
4015 4024 4028 4042 4053
4068 4087 4090 4094
