821 822 823 824 825
826 827 828 829 830
831 832 833 834 835
836 837 838 839 840
841 842 843 844 845
846 847 848 849 850
851 852 853 854 855
856 857 858 859 860
861 862 863 864 865
866 867 868 869 870
871 872 873 874 875
876 877 878 879 880
881 882 883 884 885
886 887 888 889 890
891 892 893 894 895
896 897 898 899 900
901 902 1395 1396 1397
1398 1399 1400 1401 1402
1403 1404 1405 1406 1407
1408 1409 1410 1411 1412
1413 1414 1415 1416 1417
1418 1419 1420 1421 1422
1423 1424 1425 1426 1427
1428 1429 1430 1431 1432
1433 1434 1435 1436 1437
1438 1439 1440 1441 1442
1443 1444 1445 1446 1447
1448 1449 1450 1451 1452
1453 1454 1455 1456 1457
1458 1459 1460 1461 1462
1463 1464 1465 1466 1467
1468 1469 1470 1471 1472
1473 1474 1475 1476 1805
1806 1807 1808 1809 1810
1811 1812 1813 1814 1815
1816 1817 1818 1819 1820
1821 1822 1823 1824 1825
1826 1827 1828 1829 1830
1831 1832 1833 1834 1835
1836 1837 1838 1839 1840
1841 1842 1843 1844 1845
1846 1847 1848 1849 1850
1851 1852 1853 1854 1855
1856 1857 1858 1859 1860
1861 1862 1863 1864 1865
1866 1867 1868 1869 1870
1871 1872 1873 1874 1875
1876 1877 1878 1879 1880
1881 1882 1883 1884 1885
1886 2297 2298 2299 2300
2301 2302 2303 2304 2305
2306 2307 2308 2309 2310
2311 2312 2313 2314 2315
2316 2317 2318 2319 2320
2321 2322 2323 2324 2325
2326 2327 2328 2329 2330
2331 2332 2333 2334 2335
2336 2337 2338 2339 2340
2341 2342 2343 2344 2345
2346 2347 2348 2349 2350
2351 2352 2353 2354 2355
2356 2357 2358 2359 2360
2361 2362 2363 2364 2365
2366 2367 2368 2369 2370
2371 2372 2373 2374 2375
2376 2377 2378 2543 2544
2545 2546 2547 2548 2549
2550 2551 2552 2553 2554
2555 2556 2557 2558 2559
2560 2561 2562 2563 2564
2565 2566 2567 2568 2569
2570 2571 2572 2573 2574
2575 2576 2577 2578 2579
2580 2581 2582 2583 2584
2585 2586 2587 2588 2589
2590 2591 2592 2593 2594
2595 2596 2597 2598 2599
2600 2601 2602 2603 2604
2605 2606 2607 2608 2609
2610 2611 2612 2613 2614
2615 2616 2617 2618 2619
2620 2621 2622 2623 2624
3117 3118 3119 3120 3121
3122 3123 3124 3125 3126
3127 3128 3129 3130 3131
3132 3133 3134 3135 3136
3137 3138 3139 3140 3141
3142 3143 3144 3145 3146
3147 3148 3149 3150 3151
3152 3153 3154 3155 3156
3157 3158 3159 3160 3161
3162 3163 3164 3165 3166
3167 3168 3169 3170 3171
3172 3173 3174 3175 3176
3177 3178 3179 3180 3181
3182 3183 3184 3185 3186
3187 3188 3189 3190 3191
3192 3193 3194 3195 3196
3197 3198
