3 22 36 40 43
44 53 62 128 145
197 198 199 229 231
232 239 244 249 273
285 291 306 334 355
358 362 376 391 410
423 426 429 461 473
479 501 535 544 554
564 568 570 572 586
606 609 623 645 683
697 699 716 717 735
736 753 755 761 777
800 807 811 825 830
847 890 911 934 942
956 998 1006 1020 1034
1060 1088 1095 1102 1104
1107 1108 1122 1134 1158
1170 1205 1214 1218 1219
1264 1292 1296 1297 1308
1309 1311 1316 1319 1327
1394 1427 1430 1437 1460
1479 1480 1492 1510 1540
1541 1558 1580 1584 1588
1609 1634 1680 1703 1711
1726 1754 1765 1774 1778
1785 1816 1846 1857 1878
1883 1895 1898 1931 1932
1935 1942 1959 1969 1985
1999 2027 2030 2092 2109
2119 2124 2162 2167 2175
2178 2191 2213 2238 2299
2302 2314 2343 2347 2355
2361 2382 2383 2387 2396
2407 2415 2424 2453 2454
2484 2495 2499 2504 2508
2534 2568 2569 2574 2578
2583 2594 2620 2649 2652
2678 2731 2741 2760 2762
2775 2778 2789 2807 2808
2845 2891 2902 2925 2941
2983 2989 2994 3000 3048
3094 3104 3112 3118 3157
3159 3162 3188 3201 3202
3204 3212 3217 3247 3248
3260 3273 3281 3289 3338
3347 3351 3361 3369 3374
3391 3393 3438 3443 3466
3467 3480 3494 3495 3550
3551 3576 3617 3620 3621
3622 3631 3639 3654 3673
3700 3708 3717 3726 3737
3757 3760 3787 3802 3846
3913 3930 3934 3935 3947
3963 3964 3973 3992 3997
4017 4065 4074 4091 4093
