9 12 79 100 113
140 164 170 199 201
205 207 208 221 256
263 279 302 328 331
343 362 369 379 385
399 402 433 439 458
468 479 488 503 519
525 532 549 556 604
614 624 625 628 648
653 661 668 679 682
683 694 702 722 803
821 831 839 843 875
880 919 937 938 945
953 973 982 997 1031
1041 1046 1066 1067 1075
1087 1093 1094 1106 1118
1124 1131 1148 1150 1169
1186 1246 1256 1271 1274
1298 1306 1308 1312 1314
1318 1326 1329 1334 1347
1357 1384 1388 1422 1429
1434 1468 1469 1502 1556
1611 1626 1630 1633 1682
1689 1712 1730 1731 1733
1738 1755 1763 1769 1784
1791 1808 1879 1883 1884
1909 1925 1928 1947 1948
2000 2014 2021 2030 2033
2071 2075 2079 2085 2143
2151 2156 2163 2185 2236
2273 2274 2284 2308 2316
2317 2328 2331 2338 2344
2361 2368 2414 2428 2438
2441 2451 2455 2501 2509
2510 2543 2569 2598 2634
2638 2681 2745 2779 2792
2802 2808 2814 2843 2876
2881 2882 2886 2893 2894
2924 2927 2983 2989 2994
3000 3048 3125 3134 3141
3144 3145 3202 3206 3219
3228 3238 3255 3268 3295
3299 3324 3338 3360 3365
3375 3424 3429 3436 3447
3458 3476 3510 3552 3559
3576 3593 3629 3657 3660
3661 3681 3682 3694 3707
3721 3729 3749 3757 3758
3774 3799 3812 3817 3824
3845 3892 3903 3921 3922
3954 3956 3971 3975 3985
4000 4007 4041 4042 4078
