8 14 17 115 170
171 204 208 221 225
249 269 272 308 311
312 325 339 340 364
401 411 435 459 481
489 512 566 571 572
578 600 615 630 639
660 662 665 683 722
736 766 775 826 828
829 832 836 859 869
874 881 891 935 948
967 1002 1015 1032 1038
1126 1136 1140 1144 1145
1146 1178 1185 1198 1203
1209 1211 1213 1263 1284
1298 1299 1303 1304 1334
1344 1354 1361 1363 1366
1382 1385 1389 1405 1423
1454 1468 1472 1515 1527
1536 1550 1588 1590 1609
1615 1656 1658 1676 1699
1709 1739 1743 1747 1785
1807 1811 1906 1914 1935
1961 1969 1973 2004 2016
2021 2041 2046 2075 2082
2106 2114 2115 2130 2139
2167 2168 2173 2194 2211
2221 2282 2297 2308 2324
2332 2338 2362 2373 2391
2402 2403 2412 2418 2454
2470 2490 2497 2498 2508
2526 2544 2571 2585 2602
2646 2649 2650 2682 2702
2726 2736 2770 2799 2810
2822 2847 2855 2871 2890
2891 2930 2973 3001 3051
3099 3113 3131 3157 3184
3210 3219 3286 3295 3338
3379 3403 3407 3432 3447
3453 3506 3507 3515 3565
3569 3588 3604 3637 3653
3661 3664 3675 3676 3684
3686 3725 3734 3746 3774
3786 3885 3904 3915 3943
3947 3967 3986 3999 4015
4019 4026 4032 4071 4073
4085
