3 28 64 79 90
104 105 130 135 158
160 179 191 192 207
215 222 225 226 272
306 331 374 393 398
406 414 419 420 421
423 452 493 501 508
526 539 556 564 577
582 595 606 613 614
619 642 643 646 648
651 659 677 693 701
703 744 760 801 804
811 828 842 848 873
881 895 896 912 915
917 925 928 931 960
989 999 1009 1030 1032
1045 1094 1107 1113 1121
1127 1141 1198 1202 1214
1230 1243 1265 1301 1321
1361 1386 1434 1466 1475
1486 1491 1493 1520 1528
1530 1534 1535 1538 1539
1570 1584 1595 1615 1619
1627 1634 1652 1654 1655
1674 1708 1721 1789 1791
1809 1811 1835 1853 1888
1890 1891 1905 1910 1911
1933 1940 1958 1975 2000
2024 2040 2058 2063 2065
2077 2082 2086 2092 2104
2110 2173 2177 2184 2204
2219 2228 2230 2242 2297
2330 2357 2393 2408 2424
2453 2459 2463 2527 2544
2571 2585 2602 2645 2685
2687 2738 2769 2772 2786
2789 2799 2820 2826 2838
2843 2846 2874 2876 2950
2954 2959 2969 2974 2977
2983 2995 3007 3011 3043
3051 3053 3096 3097 3114
3119 3134 3190 3218 3221
3236 3388 3404 3430 3431
3476 3491 3499 3512 3524
3535 3543 3551 3554 3579
3580 3594 3599 3601 3631
3637 3665 3700 3725 3732
3754 3771 3778 3803 3808
3818 3819 3845 3899 3916
3922 3947 3959 3961 3986
3996 4003 4071 4073 4085
