1 6 24 41 60
66 82 85 97 114
116 119 145 157 167
168 211 217 227 256
277 297 313 326 357
364 367 388 421 426
437 439 457 474 502
509 515 525 527 545
570 584 621 628 630
634 649 665 671 676
682 709 712 724 727
749 752 772 795 814
833 834 835 860 880
900 917 933 939 958
966 982 993 1000 1014
1033 1036 1037 1038 1068
1071 1088 1093 1104 1121
1150 1153 1204 1209 1217
1233 1253 1254 1264 1266
1267 1274 1277 1286 1290
1291 1295 1309 1334 1343
1356 1359 1364 1400 1424
1427 1440 1445 1480 1491
1553 1554 1568 1574 1577
1578 1590 1607 1623 1638
1681 1689 1716 1730 1740
1752 1781 1814 1830 1832
1855 1870 1901 1915 1935
1954 1972 1984 1994 2005
2011 2022 2023 2044 2046
2094 2116 2120 2145 2154
2183 2189 2194 2195 2196
2238 2250 2264 2265 2272
2288 2290 2316 2318 2384
2414 2441 2444 2463 2474
2480 2489 2523 2579 2591
2623 2666 2684 2706 2713
2775 2784 2801 2802 2823
2826 2838 2863 2875 2886
2893 2912 2923 2952 2954
3016 3039 3065 3099 3147
3160 3181 3196 3217 3225
3229 3230 3236 3260 3279
3287 3300 3312 3324 3371
3378 3397 3409 3439 3452
3457 3463 3465 3470 3478
3498 3550 3574 3587 3588
3650 3651 3674 3696 3714
3716 3717 3724 3755 3764
3769 3775 3779 3789 3792
3808 3850 3863 3865 3870
3922 3934 3945 3950 3981
3982 4006 4019 4040 4041
4067
