329 330 331 332 333
334 335 336 337 338
339 340 341 342 343
344 345 346 347 348
349 350 351 352 353
354 355 356 357 358
359 360 361 362 363
364 365 366 367 368
369 370 371 372 373
374 375 376 377 378
379 380 381 382 383
384 385 386 387 388
389 390 391 392 393
394 395 396 397 398
399 400 401 402 403
404 405 406 407 408
409 410 903 904 905
906 907 908 909 910
911 912 913 914 915
916 917 918 919 920
921 922 923 924 925
926 927 928 929 930
931 932 933 934 935
936 937 938 939 940
941 942 943 944 945
946 947 948 949 950
951 952 953 954 955
956 957 958 959 960
961 962 963 964 965
966 967 968 969 970
971 972 973 974 975
976 977 978 979 980
981 982 983 984 2707
2708 2709 2710 2711 2712
2713 2714 2715 2716 2717
2718 2719 2720 2721 2722
2723 2724 2725 2726 2727
2728 2729 2730 2731 2732
2733 2734 2735 2736 2737
2738 2739 2740 2741 2742
2743 2744 2745 2746 2747
2748 2749 2750 2751 2752
2753 2754 2755 2756 2757
2758 2759 2760 2761 2762
2763 2764 2765 2766 2767
2768 2769 2770 2771 2772
2773 2774 2775 2776 2777
2778 2779 2780 2781 2782
2783 2784 2785 2786 2787
2788 3117 3118 3119 3120
3121 3122 3123 3124 3125
3126 3127 3128 3129 3130
3131 3132 3133 3134 3135
3136 3137 3138 3139 3140
3141 3142 3143 3144 3145
3146 3147 3148 3149 3150
3151 3152 3153 3154 3155
3156 3157 3158 3159 3160
3161 3162 3163 3164 3165
3166 3167 3168 3169 3170
3171 3172 3173 3174 3175
3176 3177 3178 3179 3180
3181 3182 3183 3184 3185
3186 3187 3188 3189 3190
3191 3192 3193 3194 3195
3196 3197 3198
