5 7 19 41 44
48 86 135 136 146
167 173 192 195 197
207 210 235 252 268
284 297 327 332 334
335 370 378 382 407
408 462 465 466 472
474 475 497 505 514
521 522 523 557 565
596 605 668 684 688
690 693 709 743 758
765 774 775 789 820
821 857 871 903 911
969 974 988 994 1008
1021 1033 1039 1041 1057
1060 1078 1096 1099 1123
1131 1147 1152 1191 1192
1204 1205 1225 1226 1255
1272 1350 1357 1360 1421
1471 1477 1482 1488 1493
1534 1547 1595 1632 1637
1640 1645 1653 1660 1666
1669 1675 1683 1725 1790
1794 1801 1881 1888 1917
1929 1939 1955 1976 1988
2039 2047 2076 2085 2086
2090 2105 2110 2113 2120
2124 2133 2138 2145 2180
2214 2221 2242 2258 2274
2279 2303 2315 2329 2330
2354 2375 2390 2410 2425
2432 2436 2466 2470 2472
2474 2501 2525 2544 2555
2568 2571 2582 2586 2588
2604 2610 2644 2653 2678
2685 2691 2705 2765 2769
2776 2805 2816 2833 2858
2869 2902 2922 2927 2952
2963 2964 2975 2984 3000
3020 3040 3045 3049 3068
3071 3107 3125 3129 3141
3144 3147 3155 3156 3181
3202 3254 3259 3285 3286
3288 3291 3302 3311 3374
3402 3404 3432 3462 3513
3515 3517 3552 3569 3580
3592 3667 3671 3686 3714
3715 3768 3783 3785 3817
3829 3841 3864 3897 3913
3919 3931 3966 3975 3981
3985 3993 3994 4012 4036
4039 4045 4053 4055 4065
4076
