222 278 395 396 1408
1409 1419 1420 1496 1497
1498 1541 1542 1543 1729
1732 1760 1761 1807 1808
1853 1854 1855 1856 1857
1858 1859 1860 1861 1862
1868 1869 1870 1871 1872
1873 1874 1875 1876 1877
1878 1879 1880 1887 1888
1939 2115 2116 2117 2118
2119 2120 2121 2122 2158
2159 2160 2161 2162 2163
2164 2173 2174 2205 2206
2207 2208 2269 2272 2273
2274 2275 2276 2277 2280
2281 2300 2313 2314 2315
2316 2317 2318 2319 2330
2331 2332 2337 2350 2351
2352 2384 2385 2386 2387
2388 2400 2401 2416 2417
2427 2428 2429 2433 2436
2437 2438 2447 2456 2457
2458 2459 2460 2461 2462
2463 2479 2511 2512 2513
2514 2540 2541 2547 2548
2549 2550 2551 2562 2563
2564 2565 2566 2567 2575
2576 2601 2602 2630 2631
2632 2633 2636 2637 2638
2641 2651 2652 2653 2655
2656 2657 2658 2675 2676
2677 2695 2696 2701 2717
2718 2719 2720 2721 2722
2738 2739 2745 2757 2765
2775 2884 2885 2886 2889
2909 2910 2911 2912 2913
2914 2915 2927 2928 2929
2931 2932 2933 2934 2935
2936 2939 2948 2949 2950
3029 3030 3045 3052 3053
3054 3055 3058 3061 3062
3063 3064 3065 3066 3067
3068 3069 3070 3071 3072
3073 3074 3075 3076 3077
3078 3079 3080 3081 3082
3083 3084 3085 3086 3087
3088 3089 3090 3117 3118
3119 3120 3121 3122 3164
3165 3196 3197 3198 3199
3200 3201 3239 3244 3245
3246 3247 3248 3249 3250
3256 3257 3258 3259 3260
3261 3262 3263 3264 3265
3266 3267 3268 3269 3270
3271 3272 3273 3274 3282
3283 3284 3285 3286 3287
3288 3289 3290 3291 3292
3293 3294 3295 3296 3297
3298 3299 3300 3301 3302
3303 3304 3305 3306 3307
3308 3309 3341 3356 3357
3411 3412 3413 3414 3415
3416 3417 3418 3419 3420
3421 3422 3423 3424 3425
3430 3431 3432 3433 3438
3439 3440 3441 3456 3459
3460 3461 3470 3484 3494
3495 3496 3497 3498 3739
3740 3741 3759 3760 3761
3762 3809 3810 3811 3812
3841 3842 3846 3847 3848
3849 3873 3874 3875 3876
3894 3895 3904 3905 3907
3908 3940 3941 4047 4048
4049 4050 4089
