1641 1642 1643 1644 1645
1646 1647 1648 1649 1650
1651 1652 1653 1654 1655
1656 1657 1658 1659 1660
1661 1662 1663 1664 1665
1666 1667 1668 1669 1670
1671 1672 1673 1674 1675
1676 1677 1678 1679 1680
1681 1682 1683 1684 1685
1686 1687 1688 1689 1690
1691 1692 1693 1694 1695
1696 1697 1698 1699 1700
1701 1702 1703 1704 1705
1706 1707 1708 1709 1710
1711 1712 1713 1714 1715
1716 1717 1718 1719 1720
1721 1722 2133 2134 2135
2136 2137 2138 2139 2140
2141 2142 2143 2144 2145
2146 2147 2148 2149 2150
2151 2152 2153 2154 2155
2156 2157 2158 2159 2160
2161 2162 2163 2164 2165
2166 2167 2168 2169 2170
2171 2172 2173 2174 2175
2176 2177 2178 2179 2180
2181 2182 2183 2184 2185
2186 2187 2188 2189 2190
2191 2192 2193 2194 2195
2196 2197 2198 2199 2200
2201 2202 2203 2204 2205
2206 2207 2208 2209 2210
2211 2212 2213 2214 3609
3610 3611 3612 3613 3614
3615 3616 3617 3618 3619
3620 3621 3622 3623 3624
3625 3626 3627 3628 3629
3630 3631 3632 3633 3634
3635 3636 3637 3638 3639
3640 3641 3642 3643 3644
3645 3646 3647 3648 3649
3650 3651 3652 3653 3654
3655 3656 3657 3658 3659
3660 3661 3662 3663 3664
3665 3666 3667 3668 3669
3670 3671 3672 3673 3674
3675 3676 3677 3678 3679
3680 3681 3682 3683 3684
3685 3686 3687 3688 3689
3690
