30 35 48 51 64
76 189 195 197 210
227 242 251 269 274
286 320 324 358 376
378 387 389 392 409
411 413 422 424 436
444 448 470 473 492
511 532 533 539 552
562 581 606 626 629
630 656 660 682 699
719 783 806 810 824
848 849 850 858 875
909 910 915 930 939
948 952 962 996 999
1007 1015 1030 1035 1048
1090 1097 1108 1112 1118
1119 1131 1145 1149 1163
1168 1185 1194 1195 1222
1233 1249 1260 1293 1301
1314 1328 1331 1372 1373
1405 1413 1418 1423 1430
1432 1463 1479 1492 1507
1520 1531 1535 1576 1594
1633 1667 1672 1677 1683
1694 1697 1707 1713 1714
1725 1748 1751 1765 1772
1782 1787 1790 1801 1804
1810 1866 1886 1915 1916
1923 1934 1939 1943 2000
2005 2009 2026 2034 2040
2043 2047 2065 2080 2084
2087 2130 2138 2158 2186
2217 2224 2231 2238 2240
2251 2253 2254 2293 2295
2301 2329 2366 2393 2419
2420 2423 2429 2433 2444
2448 2473 2487 2493 2506
2513 2535 2539 2554 2560
2562 2584 2598 2624 2637
2638 2657 2658 2666 2683
2684 2710 2713 2717 2781
2824 2836 2843 2863 2867
2868 2881 2894 2900 2901
2919 2960 2991 3002 3016
3034 3062 3072 3088 3104
3114 3136 3142 3147 3153
3157 3180 3195 3219 3253
3288 3290 3297 3312 3326
3327 3362 3393 3395 3401
3413 3440 3445 3454 3455
3471 3487 3493 3512 3517
3537 3562 3573 3583 3589
3609 3630 3637 3668 3698
3710 3759 3764 3765 3789
3799 3819 3824 3828 3898
3902 3907 3949 3976 3982
3991 4020 4026 4031 4042
4045 4052 4053 4085 4089
