14 20 28 38 43
55 72 102 108 118
129 146 159 175 221
237 249 275 280 282
291 294 320 322 352
364 371 386 390 397
416 423 448 452 454
496 522 532 545 553
563 568 569 572 583
638 646 653 683 693
712 734 761 762 779
784 788 790 794 802
809 810 813 816 831
836 837 856 875 876
880 890 897 930 934
944 954 976 984 1064
1065 1076 1085 1086 1102
1104 1110 1117 1122 1138
1152 1157 1170 1174 1177
1184 1191 1204 1246 1247
1261 1272 1284 1305 1309
1318 1323 1353 1378 1398
1472 1475 1486 1501 1531
1586 1590 1597 1610 1613
1627 1651 1656 1688 1689
1702 1709 1724 1727 1730
1731 1732 1743 1769 1805
1814 1815 1817 1820 1822
1844 1857 1858 1871 1876
1880 1886 1901 1918 1921
1927 1947 1958 1973 1976
1980 1982 1985 1989 2017
2025 2046 2065 2093 2107
2111 2154 2200 2214 2215
2219 2228 2232 2233 2250
2258 2259 2291 2312 2314
2324 2346 2373 2388 2389
2396 2424 2429 2455 2461
2464 2471 2521 2523 2530
2535 2571 2575 2604 2630
2632 2634 2648 2662 2668
2727 2730 2739 2746 2767
2770 2834 2845 2854 2874
2876 2881 2882 2886 2923
2930 2944 2948 2984 2986
3009 3020 3050 3067 3093
3152 3168 3173 3200 3211
3225 3242 3247 3259 3264
3272 3294 3298 3315 3321
3345 3361 3373 3392 3460
3474 3476 3483 3527 3529
3539 3558 3588 3594 3617
3624 3634 3649 3655 3656
3658 3667 3680 3690 3714
3742 3756 3759 3768 3804
3827 3857 3872 3888 3894
3895 3898 3942 3945 3957
3973 4013 4019 4027 4031
4052 4064 4089
