2 4 12 13 19
25 26 48 61 77
83 84 96 133 180
196 224 287 312 316
354 359 376 393 398
431 455 457 484 492
506 508 524 533 544
563 569 592 602 610
613 621 632 653 654
656 664 687 711 728
754 760 764 818 823
826 840 865 880 883
892 904 941 952 959
963 967 974 976 977
1041 1065 1079 1080 1085
1095 1103 1104 1111 1115
1141 1158 1195 1199 1200
1223 1226 1249 1271 1316
1326 1327 1332 1340 1341
1348 1386 1391 1393 1440
1441 1452 1476 1477 1486
1502 1509 1514 1571 1574
1584 1587 1624 1629 1630
1688 1713 1737 1780 1791
1799 1801 1812 1820 1824
1826 1843 1850 1861 1865
1881 1921 1939 1949 1961
1963 1965 1983 1989 1999
2035 2040 2042 2077 2078
2100 2113 2122 2133 2166
2199 2207 2212 2225 2242
2264 2280 2285 2314 2323
2324 2328 2331 2333 2336
2350 2377 2383 2393 2397
2398 2415 2439 2450 2479
2496 2500 2503 2520 2562
2563 2580 2582 2611 2630
2644 2647 2657 2684 2687
2699 2729 2774 2783 2799
2800 2808 2889 2901 2919
2924 2949 2960 2961 2983
2991 3010 3026 3034 3035
3043 3059 3069 3075 3144
3148 3165 3177 3191 3211
3233 3255 3290 3294 3300
3301 3304 3305 3311 3377
3380 3406 3411 3437 3440
3450 3459 3475 3504 3543
3550 3552 3573 3585 3590
3602 3634 3641 3649 3662
3687 3695 3708 3712 3727
3748 3755 3761 3767 3779
3794 3802 3839 3846 3853
3864 3869 3885 3887 3915
3928 3946 3956 3963 3982
3987 3992 4001 4009 4020
4028 4055 4070
