411 412 413 414 415
416 417 418 419 420
421 422 423 424 425
426 427 428 429 430
431 432 433 434 435
436 437 438 439 440
441 442 443 444 445
446 447 448 449 450
451 452 453 454 455
456 457 458 459 460
461 462 463 464 465
466 467 468 469 470
471 472 473 474 475
476 477 478 479 480
481 482 483 484 485
486 487 488 489 490
491 492 657 658 659
660 661 662 663 664
665 666 667 668 669
670 671 672 673 674
675 676 677 678 679
680 681 682 683 684
685 686 687 688 689
690 691 692 693 694
695 696 697 698 699
700 701 702 703 704
705 706 707 708 709
710 711 712 713 714
715 716 717 718 719
720 721 722 723 724
725 726 727 728 729
730 731 732 733 734
735 736 737 738 1149
1150 1151 1152 1153 1154
1155 1156 1157 1158 1159
1160 1161 1162 1163 1164
1165 1166 1167 1168 1169
1170 1171 1172 1173 1174
1175 1176 1177 1178 1179
1180 1181 1182 1183 1184
1185 1186 1187 1188 1189
1190 1191 1192 1193 1194
1195 1196 1197 1198 1199
1200 1201 1202 1203 1204
1205 1206 1207 1208 1209
1210 1211 1212 1213 1214
1215 1216 1217 1218 1219
1220 1221 1222 1223 1224
1225 1226 1227 1228 1229
1230 1559 1560 1561 1562
1563 1564 1565 1566 1567
1568 1569 1570 1571 1572
1573 1574 1575 1576 1577
1578 1579 1580 1581 1582
1583 1584 1585 1586 1587
1588 1589 1590 1591 1592
1593 1594 1595 1596 1597
1598 1599 1600 1601 1602
1603 1604 1605 1606 1607
1608 1609 1610 1611 1612
1613 1614 1615 1616 1617
1618 1619 1620 1621 1622
1623 1624 1625 1626 1627
1628 1629 1630 1631 1632
1633 1634 1635 1636 1637
1638 1639 1640 3771 3772
3773 3774 3775 3776 3777
3778 3779 3780 3781 3782
3783 3784 3785 3786 3787
3788 3789 3790 3791 3792
3793 3794 3795 3796 3797
3798 3799 3800 3801 3802
3803 3804 3805 3806 3807
3808 3809 3810 3811 3812
3813 3814 3815 3816 3817
3818 3819 3820 3821 3822
3823 3824 3825 3826 3827
3828 3829 3830 3831 3832
3833 3834 3835 3836 3837
3838 3839 3840 3841 3842
3843 3844 3845 3846 3847
3848 3849 3850 3851
