411 412 413 414 415
416 417 418 419 420
421 422 423 424 425
426 427 428 429 430
431 432 433 434 435
436 437 438 439 440
441 442 443 444 445
446 447 448 449 450
451 452 453 454 455
456 457 458 459 460
461 462 463 464 465
466 467 468 469 470
471 472 473 474 475
476 477 478 479 480
481 482 483 484 485
486 487 488 489 490
491 492 3117 3118 3119
3120 3121 3122 3123 3124
3125 3126 3127 3128 3129
3130 3131 3132 3133 3134
3135 3136 3137 3138 3139
3140 3141 3142 3143 3144
3145 3146 3147 3148 3149
3150 3151 3152 3153 3154
3155 3156 3157 3158 3159
3160 3161 3162 3163 3164
3165 3166 3167 3168 3169
3170 3171 3172 3173 3174
3175 3176 3177 3178 3179
3180 3181 3182 3183 3184
3185 3186 3187 3188 3189
3190 3191 3192 3193 3194
3195 3196 3197 3198 4014
4015 4016 4017 4018 4019
4020 4021 4022 4023 4024
4025 4026 4027 4028 4029
4030 4031 4032 4033 4034
4035 4036 4037 4038 4039
4040 4041 4042 4043 4044
4045 4046 4047 4048 4049
4050 4051 4052 4053 4054
4055 4056 4057 4058 4059
4060 4061 4062 4063 4064
4065 4066 4067 4068 4069
4070 4071 4072 4073 4074
4075 4076 4077 4078 4079
4080 4081 4082 4083 4084
4085 4086 4087 4088 4089
4090 4091 4092 4093 4094
