1 6 23 45 49
78 80 101 102 116
127 132 133 134 164
172 176 183 186 203
204 255 292 294 305
361 368 391 408 415
420 438 464 466 479
489 496 499 511 515
524 529 536 542 572
600 604 605 615 622
633 645 696 725 728
733 742 750 764 770
802 813 848 864 867
880 885 933 938 939
968 980 984 1040 1053
1086 1093 1099 1102 1134
1136 1145 1173 1186 1188
1196 1232 1240 1254 1257
1267 1290 1292 1313 1388
1402 1429 1439 1488 1493
1505 1553 1567 1573 1577
1598 1600 1613 1629 1637
1645 1664 1683 1685 1686
1706 1740 1759 1761 1797
1798 1838 1853 1858 1860
1868 1902 1918 1926 1934
1945 2028 2033 2044 2051
2057 2063 2072 2077 2082
2119 2129 2151 2169 2180
2181 2201 2220 2222 2228
2258 2259 2267 2304 2309
2318 2321 2324 2337 2346
2369 2388 2394 2415 2428
2477 2501 2534 2599 2607
2609 2612 2614 2628 2667
2715 2723 2731 2734 2738
2748 2775 2801 2802 2823
2826 2838 2863 2934 2942
2959 2977 2985 2990 3005
3016 3039 3065 3096 3107
3148 3177 3231 3252 3257
3260 3316 3317 3333 3375
3452 3459 3464 3467 3479
3481 3526 3537 3542 3576
3609 3620 3627 3634 3635
3636 3638 3653 3671 3682
3706 3738 3740 3749 3754
3772 3793 3798 3803 3826
3832 3834 3850 3868 3869
3870 3878 3886 3887 3928
3958 4007 4014 4029 4050
4062 4067 4076 4088
