9 28 41 58 69
76 94 97 103 110
166 201 211 223 225
234 246 249 253 263
264 272 275 287 298
305 311 329 340 358
361 363 383 407 415
447 460 463 490 512
538 557 645 654 658
676 682 718 727 758
777 781 794 799 800
806 830 865 866 867
874 912 936 938 941
964 984 989 997 1003
1023 1061 1081 1084 1117
1120 1130 1134 1168 1180
1183 1201 1202 1217 1221
1233 1236 1237 1244 1258
1276 1289 1295 1298 1300
1305 1312 1338 1341 1343
1366 1386 1440 1444 1451
1501 1515 1569 1579 1598
1601 1603 1611 1616 1621
1644 1682 1684 1697 1700
1714 1716 1718 1736 1747
1760 1767 1768 1774 1799
1822 1823 1824 1827 1829
1849 1858 1859 1874 1889
1891 1914 1932 1936 1944
1957 1965 1968 1973 1995
2030 2044 2081 2087 2092
2109 2119 2124 2162 2167
2175 2178 2191 2213 2238
2299 2302 2314 2343 2347
2355 2361 2382 2383 2387
2396 2407 2415 2424 2453
2454 2463 2476 2493 2546
2553 2556 2580 2598 2605
2611 2631 2666 2689 2693
2731 2741 2760 2762 2775
2788 2790 2793 2859 2874
2891 2893 2894 2924 2927
2983 2989 2994 3000 3048
3125 3134 3141 3144 3145
3184 3198 3226 3247 3260
3279 3305 3325 3328 3335
3339 3367 3369 3371 3375
3376 3382 3384 3389 3398
3402 3425 3433 3443 3474
3487 3494 3498 3509 3519
3522 3542 3548 3558 3563
3565 3570 3571 3586 3626
3650 3662 3673 3700 3740
3763 3786 3820 3831 3836
3894 3906 3926 3936 3946
3947 3976 3995 3996 3998
4007 4009 4017 4021 4025
4030 4031 4034 4071 4078
4080
