53 66 70 72 112
133 135 136 149 152
158 166 199 214 254
272 295 300 303 306
327 341 351 358 376
378 381 405 415 427
447 460 484 545 592
612 643 645 686 730
731 739 747 749 760
783 810 820 838 843
848 862 885 926 938
941 954 957 970 976
992 999 1001 1021 1024
1039 1047 1049 1050 1082
1093 1119 1130 1145 1192
1205 1206 1271 1334 1337
1340 1351 1360 1363 1366
1403 1406 1410 1413 1433
1435 1453 1492 1504 1509
1542 1552 1564 1583 1585
1587 1599 1602 1605 1623
1627 1630 1633 1634 1654
1655 1663 1684 1716 1733
1737 1778 1781 1790 1817
1818 1836 1851 1960 1974
1980 1986 2002 2011 2022
2062 2065 2071 2072 2123
2164 2165 2173 2199 2215
2221 2260 2266 2273 2275
2295 2299 2304 2313 2315
2317 2319 2329 2368 2380
2381 2382 2383 2387 2408
2448 2454 2457 2476 2541
2546 2580 2584 2587 2589
2596 2600 2607 2614 2616
2626 2657 2658 2662 2670
2682 2689 2763 2768 2769
2779 2794 2825 2830 2839
2878 2886 2918 2929 2930
2931 2961 2970 2980 2996
3001 3002 3003 3008 3041
3058 3064 3101 3108 3144
3172 3176 3180 3223 3225
3234 3317 3348 3353 3355
3365 3395 3406 3448 3454
3471 3476 3480 3502 3545
3552 3578 3583 3596 3620
3631 3694 3700 3713 3769
3775 3782 3817 3822 3834
3835 3869 3877 3887 3959
3961 3990 4021 4028 4033
4039 4063 4069 4081
