24 29 45 49 73
81 83 90 95 100
105 112 114 116 139
140 147 158 177 182
185 189 204 205 210
223 240 275 277 303
306 336 337 356 359
360 361 364 376 424
426 458 459 460 492
530 538 542 545 549
576 588 591 603 605
626 648 653 661 668
679 682 683 694 702
722 803 821 831 839
843 859 867 875 926
944 945 964 969 1003
1024 1039 1062 1078 1101
1108 1121 1128 1136 1144
1154 1158 1159 1191 1201
1213 1239 1268 1289 1330
1333 1352 1367 1369 1378
1383 1385 1441 1444 1446
1495 1505 1516 1535 1552
1556 1559 1567 1582 1588
1590 1609 1615 1656 1658
1676 1699 1709 1739 1743
1747 1768 1769 1781 1785
1826 1868 1893 1896 1905
1916 1928 1945 1953 1961
1963 1983 2021 2039 2049
2051 2052 2066 2068 2081
2083 2096 2104 2128 2134
2168 2190 2205 2221 2233
2234 2242 2243 2316 2326
2380 2385 2397 2406 2408
2411 2419 2461 2469 2487
2497 2523 2544 2571 2585
2602 2636 2643 2661 2672
2711 2715 2717 2721 2745
2750 2762 2772 2773 2822
2843 2845 2869 2873 2877
2885 2887 2910 2934 2935
2958 2967 2974 2979 2981
3003 3014 3029 3035 3051
3097 3101 3110 3128 3160
3187 3227 3255 3279 3280
3289 3388 3404 3430 3431
3476 3491 3499 3512 3524
3535 3543 3551 3554 3579
3580 3594 3599 3601 3649
3653 3666 3674 3675 3699
3705 3733 3754 3756 3783
3794 3860 3864 3899 3916
3922 3947 3959 3961 3986
3996 4003 4071 4073 4085
