2 3 35 36 40
52 80 82 83 105
109 113 128 160 172
229 231 237 244 245
247 251 252 254 284
290 297 300 318 322
331 339 343 351 398
422 424 426 437 469
470 490 513 536 564
572 586 622 628 639
643 669 689 693 724
726 729 767 768 772
776 781 783 786 796
797 809 838 854 877
895 904 930 974 1037
1043 1052 1061 1067 1072
1099 1111 1120 1164 1177
1189 1191 1218 1228 1252
1270 1285 1299 1308 1332
1354 1363 1434 1444 1468
1494 1504 1509 1588 1603
1627 1631 1641 1645 1668
1707 1709 1728 1741 1762
1766 1777 1780 1792 1802
1820 1827 1865 1881 1909
1926 1935 1937 1940 1941
1945 1949 1982 1987 1988
2003 2029 2039 2064 2135
2144 2151 2182 2183 2193
2198 2202 2220 2241 2242
2255 2256 2263 2267 2282
2298 2300 2302 2341 2354
2366 2402 2416 2436 2452
2472 2476 2479 2492 2506
2513 2554 2566 2576 2583
2602 2604 2617 2642 2644
2654 2661 2662 2668 2709
2712 2747 2751 2754 2773
2801 2806 2808 2814 2818
2820 2822 2826 2833 2839
2857 2901 2905 2906 2913
2936 2954 2957 2959 2963
2968 2974 2987 3001 3005
3006 3012 3024 3032 3046
3060 3069 3118 3120 3127
3134 3141 3150 3161 3228
3266 3274 3309 3338 3352
3358 3363 3397 3409 3415
3417 3427 3439 3514 3548
3563 3569 3575 3595 3598
3607 3610 3626 3627 3628
3681 3682 3685 3686 3706
3719 3720 3741 3747 3748
3756 3804 3809 3893 3897
3915 3928 3946 3956 3963
3968 3977 3982 3988 3994
4001 4004 4020 4024 4035
4054 4059 4064
