493 494 495 496 497
498 499 500 501 502
503 504 505 506 507
508 509 510 511 512
513 514 515 516 517
518 519 520 521 522
523 524 525 526 527
528 529 530 531 532
533 534 535 536 537
538 539 540 541 542
543 544 545 546 547
548 549 550 551 552
553 554 555 556 557
558 559 560 561 562
563 564 565 566 567
568 569 570 571 572
573 574 1641 1642 1643
1644 1645 1646 1647 1648
1649 1650 1651 1652 1653
1654 1655 1656 1657 1658
1659 1660 1661 1662 1663
1664 1665 1666 1667 1668
1669 1670 1671 1672 1673
1674 1675 1676 1677 1678
1679 1680 1681 1682 1683
1684 1685 1686 1687 1688
1689 1690 1691 1692 1693
1694 1695 1696 1697 1698
1699 1700 1701 1702 1703
1704 1705 1706 1707 1708
1709 1710 1711 1712 1713
1714 1715 1716 1717 1718
1719 1720 1721 1722
