5 6 35 41 65
67 120 129 157 158
191 193 204 209 226
240 246 267 277 278
285 304 308 319 320
328 357 375 408 427
434 436 443 483 487
497 502 511 519 524
542 558 565 571 597
624 630 639 700 707
722 727 773 790 796
816 851 870 887 890
892 902 914 928 961
979 990 1012 1015 1018
1020 1051 1052 1066 1085
1111 1137 1154 1171 1184
1200 1215 1217 1258 1273
1285 1290 1299 1300 1302
1340 1364 1369 1374 1376
1388 1404 1484 1528 1537
1542 1546 1549 1559 1577
1603 1613 1621 1649 1655
1659 1675 1681 1704 1711
1739 1746 1771 1781 1819
1828 1830 1838 1841 1892
1895 1910 1922 1958 1966
1977 1999 2014 2033 2038
2067 2109 2115 2144 2168
2181 2204 2223 2243 2251
2271 2284 2290 2294 2306
2308 2311 2339 2392 2410
2414 2468 2490 2498 2499
2520 2521 2527 2578 2583
2587 2602 2603 2612 2623
2630 2638 2664 2671 2685
2705 2707 2737 2752 2770
2778 2785 2788 2794 2800
2817 2836 2845 2856 2859
2862 2874 2877 2878 2895
2920 2934 2938 2941 2966
2969 2972 3012 3051 3089
3101 3118 3124 3130 3131
3153 3154 3159 3161 3162
3163 3208 3215 3225 3234
3300 3313 3317 3323 3340
3351 3360 3373 3377 3381
3389 3391 3431 3441 3447
3452 3456 3471 3518 3539
3573 3579 3580 3588 3590
3606 3610 3645 3670 3675
3683 3702 3711 3714 3729
3756 3757 3772 3787 3839
3843 3845 3853 3865 3871
3896 3913 3939 3975 3992
4001 4005 4021 4027 4037
4038
