15 16 22 27 53
69 73 81 102 118
164 167 199 216 231
233 255 256 262 265
326 340 341 358 363
367 369 373 418 433
442 444 473 489 501
532 545 559 565 577
589 592 608 619 626
636 639 649 667 671
681 687 707 709 718
738 750 763 775 795
804 868 869 876 899
903 910 934 937 938
953 957 966 997 1007
1017 1048 1067 1073 1075
1081 1084 1103 1105 1113
1118 1121 1139 1174 1175
1178 1181 1205 1217 1225
1229 1232 1244 1252 1262
1292 1299 1301 1333 1337
1351 1360 1363 1366 1403
1406 1410 1413 1433 1435
1453 1492 1504 1510 1535
1541 1552 1564 1583 1585
1587 1599 1602 1605 1623
1627 1630 1633 1634 1654
1655 1663 1684 1716 1733
1737 1764 1770 1785 1809
1819 1827 1855 1901 1933
1934 1937 1982 1999 2008
2022 2081 2085 2095 2096
2184 2187 2209 2211 2214
2241 2253 2254 2275 2276
2280 2288 2299 2304 2313
2317 2319 2329 2368 2380
2381 2382 2383 2387 2408
2448 2454 2457 2476 2541
2546 2580 2584 2587 2589
2596 2600 2607 2623 2641
2662 2671 2674 2710 2742
2751 2759 2766 2782 2796
2813 2819 2832 2842 2865
2887 2890 2891 2913 2942
2945 2957 2976 3004 3024
3026 3028 3056 3114 3148
3161 3180 3187 3195 3200
3223 3225 3234 3317 3348
3353 3355 3365 3395 3406
3448 3454 3471 3476 3480
3502 3545 3559 3580 3591
3594 3617 3623 3628 3634
3636 3644 3645 3685 3703
3710 3721 3728 3751 3796
3806 3851 3858 3879 3888
3889 3902 3906 3934 3944
3947 3949 3960 3981 4003
4012 4023 4032 4039 4049
4077 4084 4090 4095
