329 330 331 332 333
334 335 336 337 338
339 340 341 342 343
344 345 346 347 348
349 350 351 352 353
354 355 356 357 358
359 360 361 362 363
364 365 366 367 368
369 370 371 372 373
374 375 376 377 378
379 380 381 382 383
384 385 386 387 388
389 390 391 392 393
394 395 396 397 398
399 400 401 402 403
404 405 406 407 408
409 410 903 904 905
906 907 908 909 910
911 912 913 914 915
916 917 918 919 920
921 922 923 924 925
926 927 928 929 930
931 932 933 934 935
936 937 938 939 940
941 942 943 944 945
946 947 948 949 950
951 952 953 954 955
956 957 958 959 960
961 962 963 964 965
966 967 968 969 970
971 972 973 974 975
976 977 978 979 980
981 982 983 984 2133
2134 2135 2136 2137 2138
2139 2140 2141 2142 2143
2144 2145 2146 2147 2148
2149 2150 2151 2152 2153
2154 2155 2156 2157 2158
2159 2160 2161 2162 2163
2164 2165 2166 2167 2168
2169 2170 2171 2172 2173
2174 2175 2176 2177 2178
2179 2180 2181 2182 2183
2184 2185 2186 2187 2188
2189 2190 2191 2192 2193
2194 2195 2196 2197 2198
2199 2200 2201 2202 2203
2204 2205 2206 2207 2208
2209 2210 2211 2212 2213
2214
