35 40 48 51 71
103 156 180 195 223
231 280 285 318 321
352 355 360 374 412
423 431 445 466 479
481 509 554 556 574
575 600 623 653 655
681 682 692 699 715
716 749 762 772 787
793 795 806 811 820
832 850 859 869 880
881 883 902 931 995
1021 1027 1033 1045 1060
1064 1079 1090 1095 1103
1158 1207 1214 1216 1227
1242 1244 1245 1255 1289
1298 1303 1314 1319 1340
1358 1362 1373 1422 1453
1454 1468 1502 1518 1525
1536 1561 1565 1566 1605
1612 1625 1636 1656 1664
1666 1667 1683 1685 1690
1695 1697 1724 1730 1755
1759 1780 1787 1824 1864
1889 1898 1911 1915 1918
1921 1930 1937 1966 1967
1970 1984 1985 1999 2027
2042 2096 2101 2128 2134
2146 2147 2174 2192 2195
2223 2235 2240 2246 2253
2288 2299 2311 2372 2376
2389 2390 2392 2397 2403
2404 2408 2412 2429 2451
2459 2464 2489 2495 2505
2525 2532 2536 2546 2568
2589 2636 2637 2652 2654
2659 2710 2741 2756 2759
2774 2796 2797 2801 2804
2808 2882 2888 2889 2904
2916 2929 2943 2954 2977
3004 3043 3069 3110 3118
3122 3133 3140 3145 3150
3230 3248 3271 3281 3305
3317 3323 3324 3330 3334
3340 3349 3350 3353 3374
3411 3446 3447 3452 3461
3467 3493 3503 3541 3544
3561 3589 3597 3612 3665
3682 3684 3696 3710 3733
3743 3778 3785 3810 3819
3826 3828 3848 3863 3864
3866 3874 3899 3916 3922
3947 3959 3961 3986 3996
4003 4071 4073 4085
