7 9 13 33 54
58 62 65 68 72
135 202 207 215 218
235 252 265 269 287
293 329 331 335 364
374 383 384 408 427
434 436 443 483 487
497 498 544 556 557
566 587 605 611 653
663 700 707 714 722
727 769 776 795 816
851 870 887 890 892
907 933 950 952 962
963 980 1007 1016 1023
1032 1033 1039 1051 1057
1075 1080 1099 1127 1129
1132 1133 1172 1183 1193
1195 1196 1205 1221 1240
1252 1267 1269 1282 1283
1285 1303 1352 1360 1380
1407 1408 1425 1442 1449
1467 1475 1487 1493 1501
1537 1550 1576 1596 1612
1628 1634 1639 1677 1696
1702 1714 1722 1739 1778
1826 1832 1835 1893 1908
1912 1917 1919 1924 1938
1983 1987 2012 2031 2032
2046 2057 2072 2107 2181
2185 2192 2219 2226 2230
2242 2243 2254 2320 2322
2326 2355 2369 2372 2395
2411 2415 2432 2473 2476
2477 2481 2510 2528 2537
2544 2550 2578 2583 2587
2602 2603 2612 2623 2630
2650 2664 2671 2674 2690
2693 2746 2761 2768 2779
2793 2802 2817 2836 2845
2856 2859 2862 2874 2877
2895 2920 2934 2938 2941
2966 2969 2972 3017 3030
3032 3042 3043 3109 3124
3130 3131 3153 3154 3159
3161 3162 3163 3208 3215
3225 3234 3313 3317 3346
3360 3363 3372 3391 3399
3404 3430 3432 3444 3483
3485 3518 3539 3573 3577
3627 3639 3641 3648 3696
3698 3707 3743 3783 3784
3808 3823 3824 3834 3863
3872 3877 3884 3894 3906
3907 3925 3947 3961 3991
4001 4006 4010 4023 4060
4061 4071 4077 4085
