5 13 25 54 71
72 78 80 94 112
125 144 153 182 186
194 197 201 216 226
232 233 287 293 300
312 368 381 382 391
394 408 415 420 438
466 479 489 496 499
511 515 524 529 536
542 550 621 622 647
655 660 663 680 702
738 740 755 759 764
772 776 787 803 809
815 820 823 838 859
898 918 928 938 952
966 1018 1058 1064 1100
1106 1136 1138 1167 1198
1226 1231 1237 1239 1274
1307 1341 1367 1373 1374
1384 1385 1399 1404 1432
1433 1437 1443 1475 1500
1517 1526 1533 1546 1567
1571 1578 1596 1658 1663
1669 1670 1677 1679 1683
1702 1704 1712 1743 1767
1816 1826 1836 1845 1855
1869 1881 1886 1891 1918
1919 1920 1941 1954 1972
1984 1994 2005 2011 2022
2023 2044 2046 2049 2094
2116 2120 2146 2149 2171
2223 2225 2235 2261 2287
2298 2347 2355 2369 2374
2389 2397 2429 2443 2466
2515 2519 2529 2538 2557
2569 2633 2645 2646 2685
2759 2769 2772 2796 2800
2816 2841 2856 2868 2899
2936 2945 2948 2954 2956
2959 2969 2997 3002 3009
3011 3013 3072 3082 3095
3113 3121 3133 3177 3189
3202 3203 3215 3227 3231
3241 3242 3276 3291 3324
3334 3339 3344 3345 3389
3399 3400 3464 3488 3497
3502 3504 3518 3522 3595
3601 3618 3626 3629 3631
3635 3642 3659 3702 3713
3716 3741 3754 3780 3783
3793 3796 3813 3820 3821
3831 3843 3894 3897 3906
3922 3923 3935 3998 4013
4054 4076 4093
