11 44 78 111 113
166 183 186 194 199
229 231 240 246 247
269 270 273 281 295
304 317 331 373 411
458 459 469 472 473
478 499 505 517 526
585 598 599 600 610
619 639 650 657 668
679 686 695 716 721
724 762 765 801 810
832 835 878 889 896
899 913 927 947 953
954 962 977 1006 1009
1025 1056 1075 1082 1084
1095 1102 1154 1158 1163
1164 1178 1211 1235 1252
1258 1277 1284 1285 1290
1294 1308 1309 1310 1328
1343 1354 1359 1441 1445
1446 1447 1461 1466 1468
1470 1499 1501 1531 1534
1550 1551 1556 1564 1588
1603 1620 1623 1702 1709
1724 1727 1730 1731 1732
1743 1769 1811 1841 1854
1856 1871 1872 1873 1886
1888 1918 1929 1933 1953
1957 1958 1960 2000 2001
2006 2018 2035 2036 2047
2069 2092 2154 2200 2214
2215 2219 2228 2232 2233
2250 2258 2259 2291 2312
2314 2324 2346 2373 2388
2389 2396 2438 2447 2449
2460 2482 2494 2503 2519
2520 2525 2547 2555 2585
2600 2632 2682 2689 2705
2706 2708 2723 2738 2752
2800 2829 2830 2858 2865
2953 2955 3001 3009 3024
3054 3057 3060 3067 3131
3140 3168 3173 3200 3211
3225 3242 3247 3259 3264
3272 3294 3298 3314 3323
3330 3357 3360 3361 3388
3442 3452 3471 3484 3497
3513 3521 3529 3538 3570
3617 3663 3671 3691 3700
3707 3710 3718 3719 3738
3742 3749 3753 3761 3766
3769 3770 3785 3790 3852
3882 3884 3904 3909 3934
3940 3953 3958 3987 3993
4005 4015 4029 4040 4057
4082 4084
