1805 1806 1807 1808 1809
1810 1811 1812 1813 1814
1815 1816 1817 1818 1819
1820 1821 1822 1823 1824
1825 1826 1827 1828 1829
1830 1831 1832 1833 1834
1835 1836 1837 1838 1839
1840 1841 1842 1843 1844
1845 1846 1847 1848 1849
1850 1851 1852 1853 1854
1855 1856 1857 1858 1859
1860 1861 1862 1863 1864
1865 1866 1867 1868 1869
1870 1871 1872 1873 1874
1875 1876 1877 1878 1879
1880 1881 1882 1883 1884
1885 1886 2215 2216 2217
2218 2219 2220 2221 2222
2223 2224 2225 2226 2227
2228 2229 2230 2231 2232
2233 2234 2235 2236 2237
2238 2239 2240 2241 2242
2243 2244 2245 2246 2247
2248 2249 2250 2251 2252
2253 2254 2255 2256 2257
2258 2259 2260 2261 2262
2263 2264 2265 2266 2267
2268 2269 2270 2271 2272
2273 2274 2275 2276 2277
2278 2279 2280 2281 2282
2283 2284 2285 2286 2287
2288 2289 2290 2291 2292
2293 2294 2295 2296
