1395 1396 1397 1398 1399
1400 1401 1402 1403 1404
1405 1406 1407 1408 1409
1410 1411 1412 1413 1414
1415 1416 1417 1418 1419
1420 1421 1422 1423 1424
1425 1426 1427 1428 1429
1430 1431 1432 1433 1434
1435 1436 1437 1438 1439
1440 1441 1442 1443 1444
1445 1446 1447 1448 1449
1450 1451 1452 1453 1454
1455 1456 1457 1458 1459
1460 1461 1462 1463 1464
1465 1466 1467 1468 1469
1470 1471 1472 1473 1474
1475 1476 2789 2790 2791
2792 2793 2794 2795 2796
2797 2798 2799 2800 2801
2802 2803 2804 2805 2806
2807 2808 2809 2810 2811
2812 2813 2814 2815 2816
2817 2818 2819 2820 2821
2822 2823 2824 2825 2826
2827 2828 2829 2830 2831
2832 2833 2834 2835 2836
2837 2838 2839 2840 2841
2842 2843 2844 2845 2846
2847 2848 2849 2850 2851
2852 2853 2854 2855 2856
2857 2858 2859 2860 2861
2862 2863 2864 2865 2866
2867 2868 2869 2870
