3 40 62 106 110
114 118 149 153 163
170 171 184 196 208
214 215 233 235 240
251 257 276 288 300
304 312 320 324 335
343 351 352 353 380
398 402 404 412 414
428 429 454 458 484
518 523 541 551 555
556 617 625 626 636
642 643 700 703 708
712 719 734 740 742
767 769 777 779 782
783 795 842 851 865
897 912 913 935 983
992 1013 1015 1032 1049
1083 1101 1109 1123 1149
1157 1172 1175 1182 1213
1217 1228 1238 1242 1243
1247 1301 1326 1351 1382
1403 1438 1508 1518 1521
1522 1537 1546 1576 1594
1595 1606 1629 1638 1642
1692 1708 1716 1718 1730
1809 1836 1889 1911 1920
1927 1932 1936 1948 1954
1956 1958 1977 1999 2048
2049 2063 2108 2110 2129
2175 2191 2192 2200 2205
2210 2223 2245 2281 2300
2309 2311 2328 2342 2350
2367 2393 2401 2425 2428
2452 2476 2484 2499 2508
2513 2520 2540 2558 2568
2607 2626 2628 2640 2655
2672 2706 2707 2729 2750
2785 2796 2798 2808 2823
2882 2885 2905 2910 2923
2945 2965 2981 2993 2996
3019 3034 3043 3045 3065
3078 3086 3090 3099 3150
3152 3184 3210 3232 3237
3245 3264 3292 3295 3300
3332 3336 3343 3359 3361
3368 3379 3383 3425 3463
3523 3528 3537 3545 3555
3566 3569 3591 3621 3635
3676 3702 3725 3732 3742
3753 3757 3761 3782 3784
3806 3812 3885 3915 3921
3924 3950 3958 3959 3973
3986 4002 4004 4016 4027
4058 4060 4065 4070 4071
4072 4076 4078 4093
