1407 1408 1409 1419 1420
1496 1497 1541 1542 1543
1544 1854 1855 1856 1857
1858 1859 1860 1869 1870
1871 1872 1873 1874 1875
1876 1877 1878 1887 1888
2117 2118 2119 2120 2159
2160 2161 2162 2206 2207
2273 2274 2275 2313 2331
2350 2351 2385 2386 2387
2416 2436 2437 2456 2457
2461 2462 2512 2513 2547
2548 2549 2563 2564 2565
2566 2575 2576 2601 2602
2631 2632 2636 2637 2638
2651 2652 2653 2654 2656
2675 2676 2677 2678 2695
2696 2697 2718 2719 2720
2885 2909 2910 2913 2914
2934 3029 3030 3053 3058
3066 3067 3068 3069 3070
3071 3072 3073 3074 3075
3076 3077 3078 3079 3080
3081 3082 3083 3084 3085
3086 3087 3088 3089 3090
3119 3120 3196 3197 3198
3199 3200 3201 3244 3245
3246 3247 3257 3258 3259
3260 3261 3262 3263 3264
3265 3266 3267 3268 3269
3270 3271 3272 3273 3274
3283 3284 3285 3286 3287
3288 3289 3290 3291 3292
3293 3294 3295 3296 3297
3298 3299 3300 3301 3302
3303 3304 3305 3306 3307
3357 3411 3412 3413 3414
3415 3416 3417 3418 3419
3420 3421 3422 3423 3424
3430 3431 3432 3433 3439
3456 3495 3759 3760 3809
3810 3811 3812 3846 3847
3848 3849 3873 3874 3875
3876 4049
