1 16 24 43 61
73 89 102 111 117
121 130 145 159 164
232 253 267 276 281
282 285 288 300 303
318 336 343 351 355
371 426 433 457 462
468 479 490 503 515
518 525 530 533 545
556 619 629 669 676
677 693 710 722 730
737 755 767 798 799
812 829 849 882 891
894 921 923 924 928
941 957 959 965 986
990 998 1004 1006 1049
1050 1077 1085 1115 1154
1155 1157 1168 1212 1259
1263 1275 1315 1334 1335
1349 1381 1383 1385 1405
1408 1432 1436 1453 1489
1501 1525 1529 1532 1552
1592 1600 1610 1622 1627
1659 1717 1726 1750 1757
1762 1766 1767 1783 1845
1849 1895 1903 1949 1951
1965 1975 1984 2018 2036
2058 2076 2108 2133 2146
2156 2172 2198 2214 2235
2240 2268 2300 2338 2358
2383 2440 2464 2469 2470
2501 2504 2528 2531 2547
2558 2565 2610 2624 2625
2633 2644 2648 2662 2674
2706 2735 2769 2776 2789
2793 2810 2813 2874 2888
2889 2906 2911 2915 2917
2921 2966 2981 2990 2992
3021 3037 3049 3096 3098
3112 3113 3116 3124 3132
3135 3158 3171 3183 3197
3221 3227 3251 3253 3288
3303 3359 3378 3438 3448
3471 3472 3516 3522 3527
3529 3543 3546 3548 3575
3577 3578 3584 3595 3611
3646 3664 3714 3726 3754
3764 3772 3790 3792 3821
3824 3837 3838 3988 3997
4015 4024 4028 4042 4053
4068 4087 4090 4094
