3 28 58 64 79
90 104 105 135 158
160 179 192 197 204
209 232 236 237 261
263 273 288 297 305
351 369 381 389 409
444 454 473 474 505
506 510 524 570 571
619 629 699 704 733
738 776 793 796 805
811 820 842 876 880
888 902 938 939 941
958 972 974 980 982
989 1000 1005 1006 1014
1020 1036 1039 1054 1068
1073 1081 1084 1100 1112
1124 1130 1137 1152 1168
1176 1183 1190 1202 1206
1212 1256 1281 1295 1324
1328 1342 1350 1365 1378
1386 1402 1407 1414 1421
1438 1448 1449 1474 1483
1545 1561 1562 1564 1588
1598 1615 1648 1656 1717
1726 1750 1757 1762 1766
1767 1783 1845 1849 1895
1903 1949 1951 1965 1975
1984 2018 2036 2058 2076
2169 2209 2213 2215 2252
2253 2257 2269 2277 2279
2294 2305 2308 2340 2343
2363 2372 2374 2394 2398
2422 2471 2497 2533 2537
2565 2668 2673 2691 2699
2734 2743 2747 2750 2769
2770 2795 2800 2813 2839
2850 2882 2883 2890 2893
2898 2933 2945 3040 3058
3096 3098 3112 3113 3116
3124 3132 3135 3158 3171
3183 3197 3227 3251 3253
3298 3320 3348 3367 3400
3434 3447 3503 3524 3540
3553 3571 3574 3599 3600
3621 3626 3633 3643 3644
3678 3693 3699 3723 3725
3734 3755 3763 3792 3796
3800 3803 3825 3831 3837
3882 3890 3931 3944 3956
3969 4064 4091 4092
