12 43 56 58 60
90 103 106 112 113
152 165 207 210 219
246 247 265 280 389
403 409 415 431 440
456 460 461 464 466
470 480 495 506 507
511 520 526 531 544
559 588 594 600 601
607 614 618 623 632
648 654 753 754 770
773 778 800 803 808
827 841 860 888 895
898 909 919 924 934
944 947 959 993 1003
1037 1059 1085 1100 1104
1105 1109 1111 1137 1182
1184 1197 1222 1225 1226
1255 1272 1309 1315 1347
1398 1475 1488 1497 1510
1518 1544 1562 1563 1569
1579 1595 1605 1607 1615
1626 1637 1645 1658 1663
1668 1692 1698 1744 1745
1746 1748 1802 1810 1823
1828 1942 1945 1959 1978
1991 1997 2030 2044 2051
2068 2085 2095 2105 2169
2209 2213 2215 2252 2253
2257 2269 2277 2279 2294
2309 2310 2318 2319 2370
2385 2390 2442 2480 2488
2495 2543 2551 2555 2591
2592 2608 2615 2632 2682
2689 2705 2706 2708 2723
2738 2752 2795 2806 2839
2882 2910 2918 2924 2935
2952 2958 2979 2980 2999
3022 3099 3102 3109 3124
3143 3145 3162 3166 3168
3194 3197 3198 3199 3225
3241 3243 3255 3288 3303
3359 3378 3408 3438 3448
3471 3472 3516 3522 3528
3531 3551 3567 3586 3590
3601 3622 3626 3652 3664
3666 3698 3714 3726 3754
3764 3772 3790 3792 3821
3824 3837 3838 3946 3988
3997 4018 4023 4054 4076
