165 166 167 168 169
170 171 172 173 174
175 176 177 178 179
180 181 182 183 184
185 186 187 188 189
190 191 192 193 194
195 196 197 198 199
200 201 202 203 204
205 206 207 208 209
210 211 212 213 214
215 216 217 218 219
220 221 222 223 224
225 226 227 228 229
230 231 232 233 234
235 236 237 238 239
240 241 242 243 244
245 246 1805 1806 1807
1808 1809 1810 1811 1812
1813 1814 1815 1816 1817
1818 1819 1820 1821 1822
1823 1824 1825 1826 1827
1828 1829 1830 1831 1832
1833 1834 1835 1836 1837
1838 1839 1840 1841 1842
1843 1844 1845 1846 1847
1848 1849 1850 1851 1852
1853 1854 1855 1856 1857
1858 1859 1860 1861 1862
1863 1864 1865 1866 1867
1868 1869 1870 1871 1872
1873 1874 1875 1876 1877
1878 1879 1880 1881 1882
1883 1884 1885 1886 2215
2216 2217 2218 2219 2220
2221 2222 2223 2224 2225
2226 2227 2228 2229 2230
2231 2232 2233 2234 2235
2236 2237 2238 2239 2240
2241 2242 2243 2244 2245
2246 2247 2248 2249 2250
2251 2252 2253 2254 2255
2256 2257 2258 2259 2260
2261 2262 2263 2264 2265
2266 2267 2268 2269 2270
2271 2272 2273 2274 2275
2276 2277 2278 2279 2280
2281 2282 2283 2284 2285
2286 2287 2288 2289 2290
2291 2292 2293 2294 2295
2296 2871 2872 2873 2874
2875 2876 2877 2878 2879
2880 2881 2882 2883 2884
2885 2886 2887 2888 2889
2890 2891 2892 2893 2894
2895 2896 2897 2898 2899
2900 2901 2902 2903 2904
2905 2906 2907 2908 2909
2910 2911 2912 2913 2914
2915 2916 2917 2918 2919
2920 2921 2922 2923 2924
2925 2926 2927 2928 2929
2930 2931 2932 2933 2934
2935 2936 2937 2938 2939
2940 2941 2942 2943 2944
2945 2946 2947 2948 2949
2950 2951 2952
