1 1409 1410 1420 1421
1497 1498 1499 1543 1544
1733 1760 1761 1762 1854
1855 1856 1857 1858 1859
1860 1861 1862 1863 1869
1870 1871 1872 1873 1874
1875 1876 1877 1878 1879
1880 1881 1888 1889 1940
2114 2116 2117 2118 2119
2120 2121 2122 2123 2159
2160 2161 2162 2163 2164
2165 2207 2270 2274 2275
2276 2281 2282 2301 2314
2315 2316 2317 2318 2319
2331 2332 2333 2351 2352
2385 2386 2387 2388 2389
2401 2402 2417 2418 2428
2429 2430 2434 2437 2438
2457 2458 2459 2460 2462
2463 2464 2480 2512 2513
2514 2515 2541 2542 2548
2549 2550 2551 2563 2564
2565 2566 2567 2568 2603
2631 2632 2633 2634 2637
2638 2639 2640 2641 2642
2652 2653 2654 2655 2656
2657 2658 2659 2660 2676
2677 2678 2679 2696 2697
2698 2702 2703 2718 2719
2720 2721 2722 2723 2739
2740 2746 2758 2766 2767
2776 2885 2886 2887 2888
2889 2890 2909 2910 2911
2912 2913 2914 2915 2916
2928 2929 2930 2931 2932
2933 2934 2935 2936 2937
2938 2940 2949 2950 2951
2952 2959 2964 3045 3046
3047 3053 3054 3055 3056
3057 3058 3059 3060 3061
3062 3063 3064 3065 3066
3067 3068 3069 3070 3071
3072 3073 3074 3075 3076
3077 3078 3079 3080 3081
3082 3083 3084 3085 3086
3087 3088 3089 3090 3091
3092 3114 3118 3119 3120
3121 3122 3123 3124 3152
3165 3166 3167 3197 3198
3199 3200 3240 3245 3246
3247 3248 3249 3250 3251
3257 3258 3259 3260 3261
3262 3263 3264 3265 3266
3267 3268 3269 3270 3271
3272 3273 3274 3275 3276
3277 3283 3284 3285 3286
3287 3288 3289 3290 3291
3292 3293 3294 3295 3296
3297 3298 3299 3300 3301
3302 3303 3304 3305 3306
3307 3308 3309 3310 3342
3357 3358 3412 3413 3414
3415 3416 3417 3418 3419
3420 3421 3422 3423 3424
3425 3432 3433 3439 3440
3441 3442 3470 3471 3472
3485 3486 3495 3496 3497
3498 3499 3662 3740 3741
3742 3760 3761 3762 3810
3811 3812 3813 3842 3843
3847 3848 3849 3850 3874
3875 3876 3877 3895 3896
3905 3906 3908 3909 3910
3941 3942 3943 4048 4049
4050 4051 4052 4090
