28 85 107 119 120
121 125 127 128 132
171 190 200 213 228
237 294 301 324 325
336 345 354 368 369
370 380 384 411 430
437 440 452 467 472
477 520 522 554 571
593 602 617 621 641
646 660 687 694 707
721 723 727 728 741
743 765 772 796 800
819 821 824 832 863
871 873 913 970 978
1000 1003 1009 1023 1050
1074 1077 1087 1110 1171
1176 1185 1190 1199 1221
1266 1282 1307 1338 1368
1375 1381 1385 1400 1404
1409 1410 1414 1432 1451
1457 1467 1471 1477 1485
1488 1546 1549 1579 1623
1641 1662 1670 1673 1714
1771 1810 1814 1856 1862
1867 1879 1881 1885 1896
1910 1939 1941 1946 1948
1990 2011 2014 2021 2044
2062 2071 2082 2083 2094
2105 2127 2171 2177 2182
2201 2230 2232 2237 2277
2297 2308 2311 2327 2354
2361 2392 2398 2410 2500
2503 2544 2556 2560 2561
2572 2585 2586 2588 2589
2594 2607 2614 2618 2620
2629 2633 2637 2642 2644
2649 2651 2657 2666 2688
2692 2700 2708 2724 2726
2737 2774 2784 2793 2797
2802 2870 2876 2881 2882
2903 2936 2943 2951 2952
2968 2976 2982 3039 3073
3080 3101 3120 3133 3144
3155 3157 3162 3174 3224
3228 3245 3251 3316 3319
3391 3408 3409 3412 3422
3462 3467 3469 3479 3501
3514 3517 3523 3526 3527
3536 3546 3559 3569 3596
3614 3655 3660 3667 3703
3738 3745 3756 3759 3768
3776 3801 3806 3812 3821
3827 3834 3836 3842 3861
3871 3888 3892 3901 3902
3917 3920 3929 3932 3944
3949 3958 3962 3968 3969
3981 3983 3984 4013 4020
4055 4072 4076
