21 39 48 54 58
75 82 88 134 140
153 210 224 240 253
290 296 305 313 316
321 333 334 335 370
377 395 402 414 418
424 438 447 449 458
471 487 498 506 513
521 532 537 547 549
550 563 564 598 644
653 673 712 721 729
730 752 757 778 789
792 797 838 841 853
857 874 884 885 889
932 945 956 957 964
998 1006 1013 1021 1033
1043 1045 1066 1115 1125
1138 1157 1177 1209 1211
1213 1263 1284 1298 1299
1303 1304 1334 1344 1354
1361 1363 1366 1382 1385
1389 1405 1423 1454 1468
1472 1515 1527 1534 1560
1589 1610 1611 1612 1613
1621 1627 1644 1648 1683
1685 1707 1714 1717 1741
1757 1763 1764 1773 1780
1812 1833 1850 1861 1884
1889 1894 1914 1938 1940
1949 1956 2044 2049 2074
2075 2094 2110 2114 2124
2163 2203 2216 2218 2219
2220 2225 2229 2244 2245
2252 2254 2290 2294 2297
2314 2327 2341 2364 2380
2398 2438 2447 2449 2460
2482 2494 2503 2519 2520
2525 2562 2575 2602 2645
2685 2687 2738 2769 2772
2786 2789 2799 2820 2826
2844 2854 2859 2908 2926
2935 2967 2988 3013 3016
3053 3057 3077 3109 3121
3127 3140 3156 3157 3160
3163 3193 3209 3296 3318
3395 3429 3431 3432 3441
3477 3483 3502 3503 3509
3531 3535 3537 3553 3588
3607 3632 3656 3673 3677
3683 3686 3700 3704 3728
3730 3747 3750 3817 3826
3828 3835 3851 3902 3947
3959 3961 3986 3996 4003
4071 4073 4085
