8 18 24 42 49
58 81 89 107 127
130 140 177 204 211
212 218 225 237 241
250 253 255 270 279
284 287 319 322 344
349 361 400 430 440
442 446 455 463 504
528 553 559 564 574
583 585 598 620 632
648 652 660 678 697
702 754 779 786 828
841 845 851 857 865
872 877 884 900 908
912 920 925 938 953
958 960 978 981 987
988 1048 1101 1110 1119
1125 1136 1137 1141 1168
1180 1197 1203 1207 1228
1256 1280 1335 1367 1376
1383 1397 1406 1435 1437
1463 1472 1489 1501 1514
1571 1573 1596 1617 1636
1651 1664 1667 1696 1704
1715 1728 1729 1738 1750
1755 1762 1765 1777 1782
1812 1820 1833 1885 1908
1912 1952 1965 2011 2036
2062 2065 2098 2129 2137
2183 2198 2201 2206 2224
2232 2233 2260 2292 2321
2326 2346 2355 2371 2381
2414 2417 2427 2459 2468
2476 2480 2484 2489 2491
2501 2514 2522 2533 2553
2560 2584 2587 2602 2608
2623 2625 2631 2634 2636
2658 2663 2669 2682 2688
2716 2736 2745 2751 2768
2770 2779 2795 2810 2811
2814 2837 2882 2927 2985
3032 3035 3038 3046 3052
3108 3139 3148 3151 3198
3217 3218 3229 3310 3312
3331 3344 3380 3390 3399
3437 3441 3459 3483 3502
3506 3520 3531 3536 3541
3568 3570 3606 3610 3619
3621 3622 3645 3660 3686
3691 3692 3694 3702 3748
3781 3783 3787 3822 3823
3839 3845 3886 3892 3895
3898 3904 3936 3940 3965
3979 3986 3987 3993 4011
4032 4038 4086 4087
