411 412 413 414 415
416 417 418 419 420
421 422 423 424 425
426 427 428 429 430
431 432 433 434 435
436 437 438 439 440
441 442 443 444 445
446 447 448 449 450
451 452 453 454 455
456 457 458 459 460
461 462 463 464 465
466 467 468 469 470
471 472 473 474 475
476 477 478 479 480
481 482 483 484 485
486 487 488 489 490
491 492 3117 3118 3119
3120 3121 3122 3123 3124
3125 3126 3127 3128 3129
3130 3131 3132 3133 3134
3135 3136 3137 3138 3139
3140 3141 3142 3143 3144
3145 3146 3147 3148 3149
3150 3151 3152 3153 3154
3155 3156 3157 3158 3159
3160 3161 3162 3163 3164
3165 3166 3167 3168 3169
3170 3171 3172 3173 3174
3175 3176 3177 3178 3179
3180 3181 3182 3183 3184
3185 3186 3187 3188 3189
3190 3191 3192 3193 3194
3195 3196 3197 3198
