7 41 57 63 69
78 83 89 93 96
117 125 135 191 201
202 236 244 247 259
269 277 287 293 296
305 307 352 375 385
394 399 416 428 462
483 495 500 525 538
541 561 572 634 650
662 687 701 710 721
769 774 775 782 796
827 845 854 857 875
894 931 933 944 956
973 994 1007 1027 1033
1049 1054 1081 1082 1111
1124 1125 1159 1162 1164
1173 1181 1184 1185 1192
1237 1290 1307 1312 1313
1323 1327 1339 1342 1345
1347 1366 1376 1387 1388
1396 1437 1441 1461 1507
1508 1554 1556 1558 1571
1589 1636 1640 1660 1670
1684 1730 1752 1796 1812
1822 1825 1826 1862 1871
1881 1904 1910 1935 1942
1970 1980 1981 1989 1999
2013 2026 2028 2036 2087
2096 2102 2129 2134 2155
2184 2206 2236 2273 2274
2284 2308 2316 2333 2363
2367 2369 2375 2384 2408
2448 2461 2466 2469 2473
2478 2513 2571 2572 2590
2598 2648 2686 2691 2702
2709 2751 2759 2769 2789
2819 2821 2823 2825 2829
2840 2856 2862 2878 2880
2904 2919 2923 2925 2961
2995 2996 3034 3046 3048
3067 3106 3116 3118 3153
3178 3211 3256 3294 3313
3330 3332 3333 3358 3362
3382 3447 3453 3506 3507
3515 3565 3569 3588 3604
3637 3653 3661 3664 3675
3676 3684 3686 3731 3774
3786 3844 3882 3884 3886
3904 3921 3925 3974 3992
3995 4014 4033 4038 4041
4042 4062 4065 4081
