83 84 85 86 87
88 89 90 91 92
93 94 95 96 97
98 99 100 101 102
103 104 105 106 107
108 109 110 111 112
113 114 115 116 117
118 119 120 121 122
123 124 125 126 127
128 129 130 131 132
133 134 135 136 137
138 139 140 141 142
143 144 145 146 147
148 149 150 151 152
153 154 155 156 157
158 159 160 161 162
163 164 821 822 823
824 825 826 827 828
829 830 831 832 833
834 835 836 837 838
839 840 841 842 843
844 845 846 847 848
849 850 851 852 853
854 855 856 857 858
859 860 861 862 863
864 865 866 867 868
869 870 871 872 873
874 875 876 877 878
879 880 881 882 883
884 885 886 887 888
889 890 891 892 893
894 895 896 897 898
899 900 901 902 2215
2216 2217 2218 2219 2220
2221 2222 2223 2224 2225
2226 2227 2228 2229 2230
2231 2232 2233 2234 2235
2236 2237 2238 2239 2240
2241 2242 2243 2244 2245
2246 2247 2248 2249 2250
2251 2252 2253 2254 2255
2256 2257 2258 2259 2260
2261 2262 2263 2264 2265
2266 2267 2268 2269 2270
2271 2272 2273 2274 2275
2276 2277 2278 2279 2280
2281 2282 2283 2284 2285
2286 2287 2288 2289 2290
2291 2292 2293 2294 2295
2296 3609 3610 3611 3612
3613 3614 3615 3616 3617
3618 3619 3620 3621 3622
3623 3624 3625 3626 3627
3628 3629 3630 3631 3632
3633 3634 3635 3636 3637
3638 3639 3640 3641 3642
3643 3644 3645 3646 3647
3648 3649 3650 3651 3652
3653 3654 3655 3656 3657
3658 3659 3660 3661 3662
3663 3664 3665 3666 3667
3668 3669 3670 3671 3672
3673 3674 3675 3676 3677
3678 3679 3680 3681 3682
3683 3684 3685 3686 3687
3688 3689 3690
