83 84 85 86 87
88 89 90 91 92
93 94 95 96 97
98 99 100 101 102
103 104 105 106 107
108 109 110 111 112
113 114 115 116 117
118 119 120 121 122
123 124 125 126 127
128 129 130 131 132
133 134 135 136 137
138 139 140 141 142
143 144 145 146 147
148 149 150 151 152
153 154 155 156 157
158 159 160 161 162
163 164 493 494 495
496 497 498 499 500
501 502 503 504 505
506 507 508 509 510
511 512 513 514 515
516 517 518 519 520
521 522 523 524 525
526 527 528 529 530
531 532 533 534 535
536 537 538 539 540
541 542 543 544 545
546 547 548 549 550
551 552 553 554 555
556 557 558 559 560
561 562 563 564 565
566 567 568 569 570
571 572 573 574 1149
1150 1151 1152 1153 1154
1155 1156 1157 1158 1159
1160 1161 1162 1163 1164
1165 1166 1167 1168 1169
1170 1171 1172 1173 1174
1175 1176 1177 1178 1179
1180 1181 1182 1183 1184
1185 1186 1187 1188 1189
1190 1191 1192 1193 1194
1195 1196 1197 1198 1199
1200 1201 1202 1203 1204
1205 1206 1207 1208 1209
1210 1211 1212 1213 1214
1215 1216 1217 1218 1219
1220 1221 1222 1223 1224
1225 1226 1227 1228 1229
1230 2133 2134 2135 2136
2137 2138 2139 2140 2141
2142 2143 2144 2145 2146
2147 2148 2149 2150 2151
2152 2153 2154 2155 2156
2157 2158 2159 2160 2161
2162 2163 2164 2165 2166
2167 2168 2169 2170 2171
2172 2173 2174 2175 2176
2177 2178 2179 2180 2181
2182 2183 2184 2185 2186
2187 2188 2189 2190 2191
2192 2193 2194 2195 2196
2197 2198 2199 2200 2201
2202 2203 2204 2205 2206
2207 2208 2209 2210 2211
2212 2213 2214
