411 412 413 414 415
416 417 418 419 420
421 422 423 424 425
426 427 428 429 430
431 432 433 434 435
436 437 438 439 440
441 442 443 444 445
446 447 448 449 450
451 452 453 454 455
456 457 458 459 460
461 462 463 464 465
466 467 468 469 470
471 472 473 474 475
476 477 478 479 480
481 482 483 484 485
486 487 488 489 490
491 492 1395 1396 1397
1398 1399 1400 1401 1402
1403 1404 1405 1406 1407
1408 1409 1410 1411 1412
1413 1414 1415 1416 1417
1418 1419 1420 1421 1422
1423 1424 1425 1426 1427
1428 1429 1430 1431 1432
1433 1434 1435 1436 1437
1438 1439 1440 1441 1442
1443 1444 1445 1446 1447
1448 1449 1450 1451 1452
1453 1454 1455 1456 1457
1458 1459 1460 1461 1462
1463 1464 1465 1466 1467
1468 1469 1470 1471 1472
1473 1474 1475 1476 2051
2052 2053 2054 2055 2056
2057 2058 2059 2060 2061
2062 2063 2064 2065 2066
2067 2068 2069 2070 2071
2072 2073 2074 2075 2076
2077 2078 2079 2080 2081
2082 2083 2084 2085 2086
2087 2088 2089 2090 2091
2092 2093 2094 2095 2096
2097 2098 2099 2100 2101
2102 2103 2104 2105 2106
2107 2108 2109 2110 2111
2112 2113 2114 2115 2116
2117 2118 2119 2120 2121
2122 2123 2124 2125 2126
2127 2128 2129 2130 2131
2132 2707 2708 2709 2710
2711 2712 2713 2714 2715
2716 2717 2718 2719 2720
2721 2722 2723 2724 2725
2726 2727 2728 2729 2730
2731 2732 2733 2734 2735
2736 2737 2738 2739 2740
2741 2742 2743 2744 2745
2746 2747 2748 2749 2750
2751 2752 2753 2754 2755
2756 2757 2758 2759 2760
2761 2762 2763 2764 2765
2766 2767 2768 2769 2770
2771 2772 2773 2774 2775
2776 2777 2778 2779 2780
2781 2782 2783 2784 2785
2786 2787 2788 3117 3118
3119 3120 3121 3122 3123
3124 3125 3126 3127 3128
3129 3130 3131 3132 3133
3134 3135 3136 3137 3138
3139 3140 3141 3142 3143
3144 3145 3146 3147 3148
3149 3150 3151 3152 3153
3154 3155 3156 3157 3158
3159 3160 3161 3162 3163
3164 3165 3166 3167 3168
3169 3170 3171 3172 3173
3174 3175 3176 3177 3178
3179 3180 3181 3182 3183
3184 3185 3186 3187 3188
3189 3190 3191 3192 3193
3194 3195 3196 3197 3198
