493 494 495 496 497
498 499 500 501 502
503 504 505 506 507
508 509 510 511 512
513 514 515 516 517
518 519 520 521 522
523 524 525 526 527
528 529 530 531 532
533 534 535 536 537
538 539 540 541 542
543 544 545 546 547
548 549 550 551 552
553 554 555 556 557
558 559 560 561 562
563 564 565 566 567
568 569 570 571 572
573 574 2133 2134 2135
2136 2137 2138 2139 2140
2141 2142 2143 2144 2145
2146 2147 2148 2149 2150
2151 2152 2153 2154 2155
2156 2157 2158 2159 2160
2161 2162 2163 2164 2165
2166 2167 2168 2169 2170
2171 2172 2173 2174 2175
2176 2177 2178 2179 2180
2181 2182 2183 2184 2185
2186 2187 2188 2189 2190
2191 2192 2193 2194 2195
2196 2197 2198 2199 2200
2201 2202 2203 2204 2205
2206 2207 2208 2209 2210
2211 2212 2213 2214
