83 84 85 86 87
88 89 90 91 92
93 94 95 96 97
98 99 100 101 102
103 104 105 106 107
108 109 110 111 112
113 114 115 116 117
118 119 120 121 122
123 124 125 126 127
128 129 130 131 132
133 134 135 136 137
138 139 140 141 142
143 144 145 146 147
148 149 150 151 152
153 154 155 156 157
158 159 160 161 162
163 164 247 248 249
250 251 252 253 254
255 256 257 258 259
260 261 262 263 264
265 266 267 268 269
270 271 272 273 274
275 276 277 278 279
280 281 282 283 284
285 286 287 288 289
290 291 292 293 294
295 296 297 298 299
300 301 302 303 304
305 306 307 308 309
310 311 312 313 314
315 316 317 318 319
320 321 322 323 324
325 326 327 328 2133
2134 2135 2136 2137 2138
2139 2140 2141 2142 2143
2144 2145 2146 2147 2148
2149 2150 2151 2152 2153
2154 2155 2156 2157 2158
2159 2160 2161 2162 2163
2164 2165 2166 2167 2168
2169 2170 2171 2172 2173
2174 2175 2176 2177 2178
2179 2180 2181 2182 2183
2184 2185 2186 2187 2188
2189 2190 2191 2192 2193
2194 2195 2196 2197 2198
2199 2200 2201 2202 2203
2204 2205 2206 2207 2208
2209 2210 2211 2212 2213
2214
