1395 1396 1397 1398 1399
1400 1401 1402 1403 1404
1405 1406 1407 1408 1409
1410 1411 1412 1413 1414
1415 1416 1417 1418 1419
1420 1421 1422 1423 1424
1425 1426 1427 1428 1429
1430 1431 1432 1433 1434
1435 1436 1437 1438 1439
1440 1441 1442 1443 1444
1445 1446 1447 1448 1449
1450 1451 1452 1453 1454
1455 1456 1457 1458 1459
1460 1461 1462 1463 1464
1465 1466 1467 1468 1469
1470 1471 1472 1473 1474
1475 1476 3199 3200 3201
3202 3203 3204 3205 3206
3207 3208 3209 3210 3211
3212 3213 3214 3215 3216
3217 3218 3219 3220 3221
3222 3223 3224 3225 3226
3227 3228 3229 3230 3231
3232 3233 3234 3235 3236
3237 3238 3239 3240 3241
3242 3243 3244 3245 3246
3247 3248 3249 3250 3251
3252 3253 3254 3255 3256
3257 3258 3259 3260 3261
3262 3263 3264 3265 3266
3267 3268 3269 3270 3271
3272 3273 3274 3275 3276
3277 3278 3279 3280 4015
4016 4017 4018 4019 4020
4021 4022 4023 4024 4025
4026 4027 4028 4029 4030
4031 4032 4033 4034 4035
4036 4037 4038 4039 4040
4041 4042 4043 4044 4045
4046 4047 4048 4049 4050
4051 4052 4053 4054 4055
4056 4057 4058 4059 4060
4061 4062 4063 4064 4065
4066 4067 4068 4069 4070
4071 4072 4073 4074 4075
4076 4077 4078 4079 4080
4081 4082 4083 4084 4085
4086 4087 4088 4089 4090
4091 4092 4093 4094 4095
