9 18 22 29 39
64 78 114 196 205
208 216 224 251 288
289 297 301 306 318
340 341 345 352 359
367 377 393 419 422
427 441 452 473 476
490 491 494 505 515
527 540 542 560 561
586 607 618 634 650
662 687 697 708 735
737 773 794 811 847
878 893 898 906 921
947 963 975 978 983
989 1013 1026 1034 1035
1044 1050 1052 1058 1070
1085 1099 1100 1121 1149
1163 1168 1180 1183 1199
1250 1256 1258 1288 1298
1315 1326 1336 1345 1361
1365 1392 1434 1436 1438
1459 1466 1473 1506 1514
1537 1543 1581 1601 1609
1643 1649 1660 1670 1684
1699 1710 1733 1734 1735
1751 1775 1836 1839 1850
1855 1882 1886 1890 1907
1936 1940 1942 1968 1980
2005 2012 2018 2024 2025
2036 2038 2071 2119 2137
2155 2157 2195 2204 2206
2210 2221 2222 2252 2306
2319 2355 2375 2402 2454
2463 2476 2485 2492 2508
2509 2529 2538 2604 2642
2643 2675 2686 2687 2688
2694 2696 2703 2710 2712
2730 2756 2799 2847 2859
2874 2891 2893 2894 2924
2927 2983 2989 2994 3000
3048 3125 3134 3141 3144
3145 3192 3219 3249 3253
3256 3303 3325 3329 3332
3347 3368 3372 3410 3423
3451 3464 3476 3482 3495
3517 3521 3526 3564 3587
3589 3595 3653 3681 3697
3705 3719 3729 3760 3762
3764 3832 3871 3885 3891
3894 3895 3911 3912 3913
3938 3963 3966 3998 4024
4028 4069 4073
