12 20 36 78 79
82 87 109 110 115
137 140 257 265 267
319 321 323 333 336
344 348 354 364 367
375 383 394 398 422
442 451 453 457 468
496 528 539 569 584
589 603 607 636 656
672 702 710 732 742
770 777 778 798 820
829 847 860 872 939
947 970 971 979 989
995 1004 1014 1021 1085
1090 1117 1126 1129 1171
1187 1212 1228 1229 1234
1251 1271 1274 1298 1306
1308 1312 1314 1318 1327
1335 1359 1368 1369 1370
1380 1384 1388 1392 1405
1415 1463 1478 1484 1502
1530 1542 1551 1567 1585
1608 1633 1682 1689 1712
1731 1733 1738 1755 1763
1769 1784 1791 1808 1879
1883 1884 1909 1925 1928
1947 1948 2000 2014 2021
2029 2031 2046 2054 2056
2062 2082 2103 2177 2184
2236 2273 2274 2284 2308
2316 2328 2331 2338 2344
2359 2407 2425 2445 2511
2542 2558 2583 2585 2593
2599 2603 2608 2641 2729
2765 2769 2776 2805 2816
2833 2858 2865 2953 2955
3001 3009 3024 3054 3057
3060 3067 3131 3140 3159
3170 3196 3226 3234 3236
3262 3284 3321 3329 3331
3339 3348 3349 3358 3394
3397 3408 3430 3442 3455
3479 3489 3493 3508 3515
3533 3539 3554 3559 3562
3582 3605 3608 3614 3634
3647 3676 3690 3691 3694
3715 3733 3754 3756 3783
3794 3860 3864 3871 3879
3880 3883 3890 3914 3919
3922 3946 3950 3961 3963
3967 3976 3980 4014 4021
4071
