12 25 37 48 51
79 110 112 116 141
146 149 158 197 200
206 235 258 310 311
331 332 336 339 354
384 389 401 423 426
427 446 474 491 510
516 519 525 539 540
572 577 630 643 660
662 679 698 706 717
725 770 835 857 858
869 885 889 893 924
926 933 987 1018 1019
1033 1068 1093 1097 1099
1101 1104 1115 1126 1131
1145 1153 1180 1188 1196
1230 1234 1249 1251 1274
1276 1293 1316 1319 1328
1365 1404 1411 1417 1424
1495 1499 1533 1539 1550
1558 1562 1572 1575 1584
1601 1633 1639 1651 1665
1737 1755 1762 1788 1815
1828 1836 1849 1869 1894
1921 1927 1930 1949 1958
1975 1979 1985 1998 2005
2016 2020 2035 2040 2042
2077 2078 2100 2113 2122
2133 2166 2199 2207 2212
2225 2242 2264 2280 2285
2307 2310 2349 2352 2377
2383 2393 2397 2398 2415
2439 2450 2479 2496 2503
2520 2585 2608 2631 2641
2646 2658 2662 2721 2734
2738 2747 2754 2758 2799
2802 2834 2843 2848 2849
2860 2863 2912 2915 2921
2926 2982 2989 3009 3015
3020 3023 3070 3075 3081
3084 3085 3089 3102 3104
3122 3146 3162 3185 3190
3205 3266 3275 3278 3280
3290 3333 3335 3347 3356
3360 3365 3386 3402 3410
3412 3418 3419 3452 3456
3465 3475 3484 3547 3561
3575 3591 3597 3603 3620
3638 3675 3697 3727 3760
3769 3776 3799 3805 3815
3830 3844 3845 3883 3900
3903 3912 3930 3946 3948
3982 3984 3986 4005 4011
4015 4016 4023 4027 4055
4076 4081 4088
