2 6 31 41 52
61 71 75 80 84
101 107 114 119 134
138 141 164 232 235
258 278 281 299 303
324 340 353 377 391
392 393 406 417 423
452 470 473 487 491
496 541 542 555 566
578 599 602 604 609
703 704 727 738 744
763 774 791 793 854
867 882 893 937 943
948 956 966 977 993
1000 1023 1029 1041 1054
1070 1106 1115 1144 1174
1175 1186 1221 1254 1256
1272 1283 1324 1372 1480
1500 1583 1612 1629 1687
1709 1749 1763 1764 1771
1792 1822 1833 1835 1874
1929 1981 2013 2027 2031
2033 2054 2119 2126 2169
2186 2193 2206 2218 2240
2283 2323 2336 2339 2344
2345 2358 2360 2367 2387
2391 2400 2420 2508 2509
2533 2543 2567 2651 2653
2668 2691 2703 2721 2722
2737 2740 2742 2768 2789
2819 2821 2823 2825 2829
2840 2856 2862 2878 2880
2904 2919 2923 2925 2961
2995 2996 3007 3035 3036
3057 3058 3063 3092 3102
3105 3118 3120 3125 3146
3152 3153 3184 3198 3226
3247 3260 3279 3305 3325
3328 3335 3339 3367 3369
3371 3375 3376 3382 3384
3389 3398 3402 3425 3433
3443 3474 3487 3494 3495
3550 3551 3576 3617 3620
3621 3622 3631 3639 3654
3694 3698 3715 3730 3756
3762 3764 3775 3785 3788
3796 3798 3813 3829 3851
3855 3856 3864 3866 3897
3907 3947 3962 3971 3974
3984 3990 3998 4017 4065
4074 4091 4093
