1067 1068 1069 1070 1071
1072 1073 1074 1075 1076
1077 1078 1079 1080 1081
1082 1083 1084 1085 1086
1087 1088 1089 1090 1091
1092 1093 1094 1095 1096
1097 1098 1099 1100 1101
1102 1103 1104 1105 1106
1107 1108 1109 1110 1111
1112 1113 1114 1115 1116
1117 1118 1119 1120 1121
1122 1123 1124 1125 1126
1127 1128 1129 1130 1131
1132 1133 1134 1135 1136
1137 1138 1139 1140 1141
1142 1143 1144 1145 1146
1147 1148 1395 1396 1397
1398 1399 1400 1401 1402
1403 1404 1405 1406 1407
1408 1409 1410 1411 1412
1413 1414 1415 1416 1417
1418 1419 1420 1421 1422
1423 1424 1425 1426 1427
1428 1429 1430 1431 1432
1433 1434 1435 1436 1437
1438 1439 1440 1441 1442
1443 1444 1445 1446 1447
1448 1449 1450 1451 1452
1453 1454 1455 1456 1457
1458 1459 1460 1461 1462
1463 1464 1465 1466 1467
1468 1469 1470 1471 1472
1473 1474 1475 1476
