13 40 47 66 80
83 100 107 113 115
125 132 137 158 191
198 203 211 217 220
234 235 251 280 283
294 317 319 339 344
419 438 451 467 472
482 488 489 519 520
533 568 655 660 661
697 722 760 774 820
843 856 869 886 888
892 895 898 921 930
943 953 957 965 1004
1034 1047 1074 1106 1107
1115 1117 1119 1156 1170
1187 1206 1210 1211 1218
1232 1264 1267 1275 1279
1299 1318 1324 1375 1381
1400 1405 1415 1432 1448
1473 1474 1480 1500 1501
1509 1523 1524 1560 1564
1567 1586 1599 1609 1619
1622 1633 1659 1675 1711
1742 1753 1785 1794 1810
1821 1842 1894 1936 1946
1950 1967 1974 1996 2018
2036 2045 2046 2101 2108
2131 2141 2151 2153 2168
2170 2175 2178 2179 2204
2213 2247 2249 2285 2306
2311 2315 2341 2343 2345
2360 2378 2383 2396 2410
2428 2442 2454 2497 2532
2551 2560 2565 2569 2575
2585 2602 2620 2632 2638
2654 2681 2694 2704 2713
2725 2727 2768 2787 2790
2822 2843 2845 2869 2873
2877 2885 2887 2910 2934
2935 2958 2967 2974 2979
2981 3003 3014 3029 3035
3051 3090 3104 3115 3116
3167 3236 3319 3320 3359
3374 3377 3386 3388 3404
3430 3431 3476 3491 3499
3512 3524 3535 3543 3551
3554 3579 3580 3598 3631
3637 3665 3700 3714 3716
3728 3751 3764 3803 3808
3818 3819 3845 3899 3916
3922 3947 3959 3961 3986
3996 4003 4018 4030 4056
4072 4076
