1 2 3 4 5
6 7 8 9 10
11 12 13 14 15
16 17 18 19 20
21 22 23 24 25
26 27 28 29 30
31 32 33 34 35
36 37 38 39 40
41 42 43 44 45
46 47 48 49 50
51 52 53 54 55
56 57 58 59 60
61 62 63 64 65
66 67 68 69 70
71 72 73 74 75
76 77 78 79 80
81 82 411 412 413
414 415 416 417 418
419 420 421 422 423
424 425 426 427 428
429 430 431 432 433
434 435 436 437 438
439 440 441 442 443
444 445 446 447 448
449 450 451 452 453
454 455 456 457 458
459 460 461 462 463
464 465 466 467 468
469 470 471 472 473
474 475 476 477 478
479 480 481 482 483
484 485 486 487 488
489 490 491 492 1067
1068 1069 1070 1071 1072
1073 1074 1075 1076 1077
1078 1079 1080 1081 1082
1083 1084 1085 1086 1087
1088 1089 1090 1091 1092
1093 1094 1095 1096 1097
1098 1099 1100 1101 1102
1103 1104 1105 1106 1107
1108 1109 1110 1111 1112
1113 1114 1115 1116 1117
1118 1119 1120 1121 1122
1123 1124 1125 1126 1127
1128 1129 1130 1131 1132
1133 1134 1135 1136 1137
1138 1139 1140 1141 1142
1143 1144 1145 1146 1147
1148 1395 1396 1397 1398
1399 1400 1401 1402 1403
1404 1405 1406 1407 1408
1409 1410 1411 1412 1413
1414 1415 1416 1417 1418
1419 1420 1421 1422 1423
1424 1425 1426 1427 1428
1429 1430 1431 1432 1433
1434 1435 1436 1437 1438
1439 1440 1441 1442 1443
1444 1445 1446 1447 1448
1449 1450 1451 1452 1453
1454 1455 1456 1457 1458
1459 1460 1461 1462 1463
1464 1465 1466 1467 1468
1469 1470 1471 1472 1473
1474 1475 1476 2215 2216
2217 2218 2219 2220 2221
2222 2223 2224 2225 2226
2227 2228 2229 2230 2231
2232 2233 2234 2235 2236
2237 2238 2239 2240 2241
2242 2243 2244 2245 2246
2247 2248 2249 2250 2251
2252 2253 2254 2255 2256
2257 2258 2259 2260 2261
2262 2263 2264 2265 2266
2267 2268 2269 2270 2271
2272 2273 2274 2275 2276
2277 2278 2279 2280 2281
2282 2283 2284 2285 2286
2287 2288 2289 2290 2291
2292 2293 2294 2295 2296
