2 17 28 65 111
157 199 213 236 238
245 246 262 268 271
300 301 306 312 317
332 343 354 376 389
395 402 405 407 425
431 438 441 470 477
486 492 504 509 515
533 534 574 598 601
633 638 654 655 670
676 714 719 731 741
745 765 775 818 823
826 852 891 895 910
912 940 944 954 968
970 986 996 1035 1065
1079 1080 1085 1095 1103
1104 1111 1115 1141 1158
1195 1199 1200 1223 1226
1249 1271 1316 1326 1327
1332 1340 1341 1348 1386
1391 1393 1440 1441 1452
1476 1477 1486 1502 1509
1514 1571 1574 1584 1587
1624 1629 1630 1688 1713
1737 1780 1791 1801 1812
1820 1824 1826 1843 1850
1861 1865 1881 1894 1921
1939 1949 1961 1963 1965
1983 1989 1999 2035 2040
2042 2077 2078 2100 2113
2122 2133 2166 2199 2207
2212 2225 2246 2277 2278
2286 2292 2293 2313 2330
2339 2368 2377 2382 2390
2417 2439 2447 2479 2515
2517 2573 2597 2600 2609
2624 2638 2644 2662 2684
2692 2743 2761 2771 2774
2782 2783 2796 2802 2818
2849 2872 2915 2951 2957
2962 2980 2986 3005 3023
3037 3050 3052 3060 3071
3088 3091 3120 3125 3131
3157 3164 3179 3182 3183
3184 3186 3191 3195 3247
3248 3264 3282 3296 3318
3366 3372 3377 3392 3427
3434 3470 3505 3507 3517
3521 3550 3558 3575 3628
3630 3635 3637 3643 3650
3655 3662 3664 3676 3689
3696 3706 3721 3738 3750
3761 3777 3783 3796 3797
3799 3804 3837 3839 3840
3870 3917 3922 3923 3926
3933 3943 3948 4008 4032
4043 4054 4063 4081 4092
4093
