1313 1314 1315 1316 1317
1318 1319 1320 1321 1322
1323 1324 1325 1326 1327
1328 1329 1330 1331 1332
1333 1334 1335 1336 1337
1338 1339 1340 1341 1342
1343 1344 1345 1346 1347
1348 1349 1350 1351 1352
1353 1354 1355 1356 1357
1358 1359 1360 1361 1362
1363 1364 1365 1366 1367
1368 1369 1370 1371 1372
1373 1374 1375 1376 1377
1378 1379 1380 1381 1382
1383 1384 1385 1386 1387
1388 1389 1390 1391 1392
1393 1394 2789 2790 2791
2792 2793 2794 2795 2796
2797 2798 2799 2800 2801
2802 2803 2804 2805 2806
2807 2808 2809 2810 2811
2812 2813 2814 2815 2816
2817 2818 2819 2820 2821
2822 2823 2824 2825 2826
2827 2828 2829 2830 2831
2832 2833 2834 2835 2836
2837 2838 2839 2840 2841
2842 2843 2844 2845 2846
2847 2848 2849 2850 2851
2852 2853 2854 2855 2856
2857 2858 2859 2860 2861
2862 2863 2864 2865 2866
2867 2868 2869 2870 2871
2872 2873 2874 2875 2876
2877 2878 2879 2880 2881
2882 2883 2884 2885 2886
2887 2888 2889 2890 2891
2892 2893 2894 2895 2896
2897 2898 2899 2900 2901
2902 2903 2904 2905 2906
2907 2908 2909 2910 2911
2912 2913 2914 2915 2916
2917 2918 2919 2920 2921
2922 2923 2924 2925 2926
2927 2928 2929 2930 2931
2932 2933 2934 2935 2936
2937 2938 2939 2940 2941
2942 2943 2944 2945 2946
2947 2948 2949 2950 2951
2952 3609 3610 3611 3612
3613 3614 3615 3616 3617
3618 3619 3620 3621 3622
3623 3624 3625 3626 3627
3628 3629 3630 3631 3632
3633 3634 3635 3636 3637
3638 3639 3640 3641 3642
3643 3644 3645 3646 3647
3648 3649 3650 3651 3652
3653 3654 3655 3656 3657
3658 3659 3660 3661 3662
3663 3664 3665 3666 3667
3668 3669 3670 3671 3672
3673 3674 3675 3676 3677
3678 3679 3680 3681 3682
3683 3684 3685 3686 3687
3688 3689
