821 822 823 824 825
826 827 828 829 830
831 832 833 834 835
836 837 838 839 840
841 842 843 844 845
846 847 848 849 850
851 852 853 854 855
856 857 858 859 860
861 862 863 864 865
866 867 868 869 870
871 872 873 874 875
876 877 878 879 880
881 882 883 884 885
886 887 888 889 890
891 892 893 894 895
896 897 898 899 900
901 902 1395 1396 1397
1398 1399 1400 1401 1402
1403 1404 1405 1406 1407
1408 1409 1410 1411 1412
1413 1414 1415 1416 1417
1418 1419 1420 1421 1422
1423 1424 1425 1426 1427
1428 1429 1430 1431 1432
1433 1434 1435 1436 1437
1438 1439 1440 1441 1442
1443 1444 1445 1446 1447
1448 1449 1450 1451 1452
1453 1454 1455 1456 1457
1458 1459 1460 1461 1462
1463 1464 1465 1466 1467
1468 1469 1470 1471 1472
1473 1474 1475 1476
