1313 1314 1315 1316 1317
1318 1319 1320 1321 1322
1323 1324 1325 1326 1327
1328 1329 1330 1331 1332
1333 1334 1335 1336 1337
1338 1339 1340 1341 1342
1343 1344 1345 1346 1347
1348 1349 1350 1351 1352
1353 1354 1355 1356 1357
1358 1359 1360 1361 1362
1363 1364 1365 1366 1367
1368 1369 1370 1371 1372
1373 1374 1375 1376 1377
1378 1379 1380 1381 1382
1383 1384 1385 1386 1387
1388 1389 1390 1391 1392
1393 1394 1559 1560 1561
1562 1563 1564 1565 1566
1567 1568 1569 1570 1571
1572 1573 1574 1575 1576
1577 1578 1579 1580 1581
1582 1583 1584 1585 1586
1587 1588 1589 1590 1591
1592 1593 1594 1595 1596
1597 1598 1599 1600 1601
1602 1603 1604 1605 1606
1607 1608 1609 1610 1611
1612 1613 1614 1615 1616
1617 1618 1619 1620 1621
1622 1623 1624 1625 1626
1627 1628 1629 1630 1631
1632 1633 1634 1635 1636
1637 1638 1639 1640 3934
3935 3936 3937 3938 3939
3940 3941 3942 3943 3944
3945 3946 3947 3948 3949
3950 3951 3952 3953 3954
3955 3956 3957 3958 3959
3960 3961 3962 3963 3964
3965 3966 3967 3968 3969
3970 3971 3972 3973 3974
3975 3976 3977 3978 3979
3980 3981 3982 3983 3984
3985 3986 3987 3988 3989
3990 3991 3992 3993 3994
3995 3996 3997 3998 3999
4000 4001 4002 4003 4004
4005 4006 4007 4008 4009
4010 4011 4012 4013 4014
4015 4016 4017 4018 4019
4020 4021 4022 4023 4024
4025 4026 4027 4028 4029
4030 4031 4032 4033 4034
4035 4036 4037 4038 4039
4040 4041 4042 4043 4044
4045 4046 4047 4048 4049
4050 4051 4052 4053 4054
4055 4056 4057 4058 4059
4060 4061 4062 4063 4064
4065 4066 4067 4068 4069
4070 4071 4072 4073 4074
4075 4076 4077 4078 4079
4080 4081 4082 4083 4084
4085 4086 4087 4088 4089
4090 4091 4092 4093 4094
4095
