1395 1396 1397 1398 1399
1400 1401 1402 1403 1404
1405 1406 1407 1408 1409
1410 1411 1412 1413 1414
1415 1416 1417 1418 1419
1420 1421 1422 1423 1424
1425 1426 1427 1428 1429
1430 1431 1432 1433 1434
1435 1436 1437 1438 1439
1440 1441 1442 1443 1444
1445 1446 1447 1448 1449
1450 1451 1452 1453 1454
1455 1456 1457 1458 1459
1460 1461 1462 1463 1464
1465 1466 1467 1468 1469
1470 1471 1472 1473 1474
1475 1476 2215 2216 2217
2218 2219 2220 2221 2222
2223 2224 2225 2226 2227
2228 2229 2230 2231 2232
2233 2234 2235 2236 2237
2238 2239 2240 2241 2242
2243 2244 2245 2246 2247
2248 2249 2250 2251 2252
2253 2254 2255 2256 2257
2258 2259 2260 2261 2262
2263 2264 2265 2266 2267
2268 2269 2270 2271 2272
2273 2274 2275 2276 2277
2278 2279 2280 2281 2282
2283 2284 2285 2286 2287
2288 2289 2290 2291 2292
2293 2294 2295 2296
