1 1409 1410 1420 1421
1497 1498 1543 1544 1761
1762 1856 1857 1858 1859
1860 1872 1873 1874 1875
1876 1877 1888 1889 2116
2117 2118 2119 2120 2121
2122 2123 2159 2160 2161
2162 2163 2164 2314 2317
2332 2352 2386 2387 2388
2417 2428 2429 2430 2437
2438 2457 2458 2462 2463
2513 2514 2548 2549 2550
2564 2565 2566 2567 2631
2632 2633 2634 2637 2638
2639 2640 2641 2642 2653
2656 2657 2658 2702 2718
2719 2720 2721 2722 2739
2740 2885 2886 2887 2890
2910 2911 2912 2913 2914
2915 2916 2928 2929 2932
2933 2934 2935 2936 2949
2950 3046 3053 3054 3055
3056 3058 3059 3060 3061
3062 3063 3064 3065 3066
3067 3068 3069 3070 3071
3072 3073 3074 3075 3076
3077 3078 3079 3080 3081
3082 3083 3084 3085 3086
3087 3088 3089 3090 3091
3092 3119 3120 3121 3122
3165 3166 3198 3199 3245
3246 3247 3248 3249 3250
3251 3260 3261 3262 3263
3264 3265 3266 3267 3268
3269 3270 3271 3288 3289
3290 3291 3292 3293 3295
3296 3297 3298 3299 3300
3301 3302 3303 3304 3305
3306 3307 3308 3309 3358
3412 3413 3414 3415 3416
3417 3418 3419 3420 3421
3422 3423 3424 3432 3439
3440 3441 3471 3760 3761
3762 3810 3811 3842 3848
3908 3909 3942 4048 4049
4050 4051
