3035 3036 3037 3038 3039
3040 3041 3042 3043 3044
3045 3046 3047 3048 3049
3050 3051 3052 3053 3054
3055 3056 3057 3058 3059
3060 3061 3062 3063 3064
3065 3066 3067 3068 3069
3070 3071 3072 3073 3074
3075 3076 3077 3078 3079
3080 3081 3082 3083 3084
3085 3086 3087 3088 3089
3090 3091 3092 3093 3094
3095 3096 3097 3098 3099
3100 3101 3102 3103 3104
3105 3106 3107 3108 3109
3110 3111 3112 3113 3114
3115 3116 3363 3364 3365
3366 3367 3368 3369 3370
3371 3372 3373 3374 3375
3376 3377 3378 3379 3380
3381 3382 3383 3384 3385
3386 3387 3388 3389 3390
3391 3392 3393 3394 3395
3396 3397 3398 3399 3400
3401 3402 3403 3404 3405
3406 3407 3408 3409 3410
3411 3412 3413 3414 3415
3416 3417 3418 3419 3420
3421 3422 3423 3424 3425
3426 3427 3428 3429 3430
3431 3432 3433 3434 3435
3436 3437 3438 3439 3440
3441 3442 3443 3444 4014
4015 4016 4017 4018 4019
4020 4021 4022 4023 4024
4025 4026 4027 4028 4029
4030 4031 4032 4033 4034
4035 4036 4037 4038 4039
4040 4041 4042 4043 4044
4045 4046 4047 4048 4049
4050 4051 4052 4053 4054
4055 4056 4057 4058 4059
4060 4061 4062 4063 4064
4065 4066 4067 4068 4069
4070 4071 4072 4073 4074
4075 4076 4077 4078 4079
4080 4081 4082 4083 4084
4085 4086 4087 4088 4089
4090 4091 4092 4093 4094
