1 2 3 4 5
6 7 8 9 10
11 12 13 14 15
16 17 18 19 20
21 22 23 24 25
26 27 28 29 30
31 32 33 34 35
36 37 38 39 40
41 42 43 44 45
46 47 48 49 50
51 52 53 54 55
56 57 58 59 60
61 62 63 64 65
66 67 68 69 70
71 72 73 74 75
76 77 78 79 80
81 82 657 658 659
660 661 662 663 664
665 666 667 668 669
670 671 672 673 674
675 676 677 678 679
680 681 682 683 684
685 686 687 688 689
690 691 692 693 694
695 696 697 698 699
700 701 702 703 704
705 706 707 708 709
710 711 712 713 714
715 716 717 718 719
720 721 722 723 724
725 726 727 728 729
730 731 732 733 734
735 736 737 738 1149
1150 1151 1152 1153 1154
1155 1156 1157 1158 1159
1160 1161 1162 1163 1164
1165 1166 1167 1168 1169
1170 1171 1172 1173 1174
1175 1176 1177 1178 1179
1180 1181 1182 1183 1184
1185 1186 1187 1188 1189
1190 1191 1192 1193 1194
1195 1196 1197 1198 1199
1200 1201 1202 1203 1204
1205 1206 1207 1208 1209
1210 1211 1212 1213 1214
1215 1216 1217 1218 1219
1220 1221 1222 1223 1224
1225 1226 1227 1228 1229
1230 2133 2134 2135 2136
2137 2138 2139 2140 2141
2142 2143 2144 2145 2146
2147 2148 2149 2150 2151
2152 2153 2154 2155 2156
2157 2158 2159 2160 2161
2162 2163 2164 2165 2166
2167 2168 2169 2170 2171
2172 2173 2174 2175 2176
2177 2178 2179 2180 2181
2182 2183 2184 2185 2186
2187 2188 2189 2190 2191
2192 2193 2194 2195 2196
2197 2198 2199 2200 2201
2202 2203 2204 2205 2206
2207 2208 2209 2210 2211
2212 2213 2214 3527 3528
3529 3530 3531 3532 3533
3534 3535 3536 3537 3538
3539 3540 3541 3542 3543
3544 3545 3546 3547 3548
3549 3550 3551 3552 3553
3554 3555 3556 3557 3558
3559 3560 3561 3562 3563
3564 3565 3566 3567 3568
3569 3570 3571 3572 3573
3574 3575 3576 3577 3578
3579 3580 3581 3582 3583
3584 3585 3586 3587 3588
3589 3590 3591 3592 3593
3594 3595 3596 3597 3598
3599 3600 3601 3602 3603
3604 3605 3606 3607 3608
