657 658 659 660 661
662 663 664 665 666
667 668 669 670 671
672 673 674 675 676
677 678 679 680 681
682 683 684 685 686
687 688 689 690 691
692 693 694 695 696
697 698 699 700 701
702 703 704 705 706
707 708 709 710 711
712 713 714 715 716
717 718 719 720 721
722 723 724 725 726
727 728 729 730 731
732 733 734 735 736
737 738 1313 1314 1315
1316 1317 1318 1319 1320
1321 1322 1323 1324 1325
1326 1327 1328 1329 1330
1331 1332 1333 1334 1335
1336 1337 1338 1339 1340
1341 1342 1343 1344 1345
1346 1347 1348 1349 1350
1351 1352 1353 1354 1355
1356 1357 1358 1359 1360
1361 1362 1363 1364 1365
1366 1367 1368 1369 1370
1371 1372 1373 1374 1375
1376 1377 1378 1379 1380
1381 1382 1383 1384 1385
1386 1387 1388 1389 1390
1391 1392 1393 1394 1559
1560 1561 1562 1563 1564
1565 1566 1567 1568 1569
1570 1571 1572 1573 1574
1575 1576 1577 1578 1579
1580 1581 1582 1583 1584
1585 1586 1587 1588 1589
1590 1591 1592 1593 1594
1595 1596 1597 1598 1599
1600 1601 1602 1603 1604
1605 1606 1607 1608 1609
1610 1611 1612 1613 1614
1615 1616 1617 1618 1619
1620 1621 1622 1623 1624
1625 1626 1627 1628 1629
1630 1631 1632 1633 1634
1635 1636 1637 1638 1639
1640 1723 1724 1725 1726
1727 1728 1729 1730 1731
1732 1733 1734 1735 1736
1737 1738 1739 1740 1741
1742 1743 1744 1745 1746
1747 1748 1749 1750 1751
1752 1753 1754 1755 1756
1757 1758 1759 1760 1761
1762 1763 1764 1765 1766
1767 1768 1769 1770 1771
1772 1773 1774 1775 1776
1777 1778 1779 1780 1781
1782 1783 1784 1785 1786
1787 1788 1789 1790 1791
1792 1793 1794 1795 1796
1797 1798 1799 1800 1801
1802 1803 1804
