17 26 46 48 54
72 75 103 115 136
149 159 177 207 222
227 229 234 279 374
382 402 418 426 439
444 457 470 472 485
502 506 519 545 565
609 614 647 653 655
662 665 685 691 693
698 701 710 738 758
781 782 784 789 807
810 833 838 856 870
876 893 921 965 973
980 988 1063 1071 1080
1083 1092 1101 1127 1128
1135 1147 1154 1169 1172
1177 1186 1206 1213 1221
1241 1269 1290 1296 1300
1325 1337 1338 1347 1355
1360 1363 1430 1438 1441
1451 1455 1469 1474 1483
1487 1489 1505 1508 1540
1562 1575 1636 1651 1664
1667 1696 1704 1715 1728
1729 1752 1756 1763 1838
1885 1908 1912 1952 1965
2011 2036 2062 2065 2098
2129 2137 2183 2198 2201
2206 2224 2232 2233 2260
2292 2321 2326 2346 2355
2371 2381 2414 2417 2427
2459 2468 2476 2480 2484
2489 2491 2501 2514 2522
2533 2553 2560 2574 2575
2579 2589 2595 2597 2609
2618 2651 2676 2683 2687
2711 2717 2734 2737 2772
2804 2805 2807 2819 2823
2872 2890 2921 2966 2975
2994 3011 3013 3025 3026
3109 3115 3174 3198 3201
3220 3310 3312 3331 3344
3380 3390 3399 3437 3441
3459 3482 3507 3549 3563
3566 3576 3577 3609 3614
3655 3696 3701 3727 3743
3771 3772 3788 3817 3820
3826 3833 3859 3860 3890
3896 3913 3951 3961 3976
3997 4012 4036 4084
