8 14 39 83 85
92 128 149 152 175
182 192 206 218 237
249 271 273 283 284
310 317 318 327 340
350 414 418 428 433
436 441 455 474 478
489 510 514 540 552
554 589 606 619 630
640 668 690 752 755
756 761 763 767 771
799 800 802 816 832
853 871 884 894 898
902 904 911 913 919
932 935 938 955 1013
1023 1034 1043 1053 1057
1062 1066 1083 1089 1112
1124 1145 1160 1167 1195
1212 1258 1259 1272 1293
1302 1307 1313 1337 1370
1379 1470 1492 1493 1511
1515 1516 1523 1545 1580
1595 1599 1615 1642 1667
1669 1671 1677 1689 1701
1788 1795 1836 1844 1846
1880 1884 1905 1930 1940
1961 1971 1976 1978 2033
2044 2063 2066 2081 2088
2095 2116 2119 2196 2210
2211 2212 2224 2226 2229
2246 2255 2270 2276 2278
2295 2300 2315 2351 2352
2361 2400 2405 2446 2451
2461 2490 2496 2517 2522
2524 2527 2533 2534 2539
2551 2554 2556 2561 2570
2586 2598 2600 2603 2606
2621 2628 2629 2632 2664
2679 2696 2721 2751 2784
2785 2792 2816 2862 2882
3005 3028 3049 3136 3148
3155 3159 3178 3202 3214
3215 3220 3246 3255 3264
3272 3298 3337 3338 3346
3347 3398 3413 3418 3470
3508 3516 3523 3597 3624
