658 659 660 661 662
663 664 665 666 667
668 669 670 671 672
673 674 675 676 677
678 679 680 681 682
683 684 685 686 687
688 689 690 691 692
693 694 695 696 697
698 699 700 701 702
703 704 705 706 707
708 709 710 711 712
713 714 715 716 717
718 719 720 721 722
723 724 725 726 727
728 729 730 1461 1462
1463 1464 1465 1466 1467
1468 1469 1470 1471 1472
1473 1474 1475 1476 1477
1478 1479 1480 1481 1482
1483 1484 1485 1486 1487
1488 1489 1490 1491 1492
1493 1494 1495 1496 1497
1498 1499 1500 1501 1502
1503 1504 1505 1506 1507
1508 1509 1510 1511 1512
1513 1514 1515 1516 1517
1518 1519 1520 1521 1522
1523 1524 1525 1526 1527
1528 1529 1530 1531 1532
1533 2410 2411 2412 2413
2414 2415 2416 2417 2418
2419 2420 2421 2422 2423
2424 2425 2426 2427 2428
2429 2430 2431 2432 2433
2434 2435 2436 2437 2438
2439 2440 2441 2442 2443
2444 2445 2446 2447 2448
2449 2450 2451 2452 2453
2454 2455 2456 2457 2458
2459 2460 2461 2462 2463
2464 2465 2466 2467 2468
2469 2470 2471 2472 2473
2474 2475 2476 2477 2478
2479 2480 2481 2482
