11 12 62 63 435
437 463 491 492 494
495 496 497 498 499
500 501 504 505 506
507 508 509 510 511
524 525 526 533 536
537 538 539 540 541
542 543 544 545 546
547 548 549 550 551
554 555 556 557 558
559 560 561 562 563
564 565 566 2222 2223
2224 2322 2328 2329 2330
2331 2335 2336 2337 2338
2339 2340 2341 2342 2351
2352 2353 2354 2355 2356
2357 2358 2359 2360 2361
2506 2507 2508 2509 2510
2511 2512 2513 2514 2537
2538 2539 2563 2564 2565
3003 3004 3005 3006 3007
3008 3009 3010 3027 3028
3029 3030 3031 3046 3047
3174 3175 3176 3243 3244
3245 3266 3308 3632
