10 20 22 39 41
43 46 49 61 72
113 120 126 130 139
152 154 158 161 184
186 202 231 244 280
318 325 333 337 364
386 387 434 460 470
482 517 526 542 546
549 562 566 599 600
603 606 610 627 638
656 682 693 741 751
762 763 783 786 809
815 826 846 854 871
902 928 931 932 937
966 1021 1023 1026 1031
1037 1058 1082 1084 1102
1109 1132 1156 1206 1208
1221 1235 1331 1332 1340
1346 1362 1370 1438 1442
1443 1458 1469 1474 1484
1493 1495 1520 1526 1532
1540 1579 1596 1614 1625
1664 1774 1792 1808 1817
1828 1835 1851 1873 1908
1934 1935 1936 1969 1974
1975 1978 1980 1990 1999
2006 2055 2071 2077 2089
2092 2106 2118 2149 2157
2172 2207 2211 2214 2218
2224 2225 2244 2295 2304
2318 2328 2347 2349 2358
2361 2363 2379 2430 2432
2446 2459 2483 2491 2503
2515 2516 2518 2539 2552
2578 2601 2610 2611 2618
2628 2679 2715 2721 2727
2729 2734 2750 2806 2872
2881 2919 2954 2955 2988
2989 2998 3004 3009 3042
3056 3071 3080 3102 3119
3126 3141 3165 3167 3187
3192 3213 3218 3236 3268
3280 3293 3327 3328 3347
3362 3376 3381 3382 3422
3427 3448 3469 3476 3478
3488 3498 3541 3546 3552
3557 3561 3566 3571 3576
3615
