1972 1973 1974 1975 1976
1977 1978 1979 1980 1981
1982 1983 1984 1985 1986
1987 1988 1989 1990 1991
1992 1993 1994 1995 1996
1997 1998 1999 2000 2001
2002 2003 2004 2005 2006
2007 2008 2009 2010 2011
2012 2013 2014 2015 2016
2017 2018 2019 2020 2021
2022 2023 2024 2025 2026
2027 2028 2029 2030 2031
2032 2033 2034 2035 2036
2037 2038 2039 2040 2041
2042 2043 2044 2556 2557
2558 2559 2560 2561 2562
2563 2564 2565 2566 2567
2568 2569 2570 2571 2572
2573 2574 2575 2576 2577
2578 2579 2580 2581 2582
2583 2584 2585 2586 2587
2588 2589 2590 2591 2592
2593 2594 2595 2596 2597
2598 2599 2600 2601 2602
2603 2604 2605 2606 2607
2608 2609 2610 2611 2612
2613 2614 2615 2616 2617
2618 2619 2620 2621 2622
2623 2624 2625 2626 2627
2628 3140 3141 3142 3143
3144 3145 3146 3147 3148
3149 3150 3151 3152 3153
3154 3155 3156 3157 3158
3159 3160 3161 3162 3163
3164 3165 3166 3167 3168
3169 3170 3171 3172 3173
3174 3175 3176 3177 3178
3179 3180 3181 3182 3183
3184 3185 3186 3187 3188
3189 3190 3191 3192 3193
3194 3195 3196 3197 3198
3199 3200 3201 3202 3203
3204 3205 3206 3207 3208
3209 3210 3211 3212 3577
3578 3579 3580 3581 3582
3583 3584 3585 3586 3587
3588 3589 3590 3591 3592
3593 3594 3595 3596 3597
3598 3599 3600 3601 3602
3603 3604 3605 3606 3607
3608 3609 3610 3611 3612
3613 3614 3615 3616 3617
3618 3619 3620 3621 3622
3623 3624 3625 3626 3627
3628 3629 3630 3631 3632
3633 3634 3635 3636 3637
3638 3639 3640 3641 3642
3643 3644 3645 3646 3647
3648
