585 586 587 588 589
590 591 592 593 594
595 596 597 598 599
600 601 602 603 604
605 606 607 608 609
610 611 612 613 614
615 616 617 618 619
620 621 622 623 624
625 626 627 628 629
630 631 632 633 634
635 636 637 638 639
640 641 642 643 644
645 646 647 648 649
650 651 652 653 654
655 656 657 2264 2265
2266 2267 2268 2269 2270
2271 2272 2273 2274 2275
2276 2277 2278 2279 2280
2281 2282 2283 2284 2285
2286 2287 2288 2289 2290
2291 2292 2293 2294 2295
2296 2297 2298 2299 2300
2301 2302 2303 2304 2305
2306 2307 2308 2309 2310
2311 2312 2313 2314 2315
2316 2317 2318 2319 2320
2321 2322 2323 2324 2325
2326 2327 2328 2329 2330
2331 2332 2333 2334 2335
2336 2629 2630 2631 2632
2633 2634 2635 2636 2637
2638 2639 2640 2641 2642
2643 2644 2645 2646 2647
2648 2649 2650 2651 2652
2653 2654 2655 2656 2657
2658 2659 2660 2661 2662
2663 2664 2665 2666 2667
2668 2669 2670 2671 2672
2673 2674 2675 2676 2677
2678 2679 2680 2681 2682
2683 2684 2685 2686 2687
2688 2689 2690 2691 2692
2693 2694 2695 2696 2697
2698 2699 2700 2701
