366 367 368 369 370
371 372 373 374 375
376 377 378 379 380
381 382 383 384 385
386 387 388 389 390
391 392 393 394 395
396 397 398 399 400
401 402 403 404 405
406 407 408 409 410
411 412 413 414 415
416 417 418 419 420
421 422 423 424 425
426 427 428 429 430
431 432 433 434 435
436 437 438 804 805
806 807 808 809 810
811 812 813 814 815
816 817 818 819 820
821 822 823 824 825
826 827 828 829 830
831 832 833 834 835
836 837 838 839 840
841 842 843 844 845
846 847 848 849 850
851 852 853 854 855
856 857 858 859 860
861 862 863 864 865
866 867 868 869 870
871 872 873 874 875
876 2410 2411 2412 2413
2414 2415 2416 2417 2418
2419 2420 2421 2422 2423
2424 2425 2426 2427 2428
2429 2430 2431 2432 2433
2434 2435 2436 2437 2438
2439 2440 2441 2442 2443
2444 2445 2446 2447 2448
2449 2450 2451 2452 2453
2454 2455 2456 2457 2458
2459 2460 2461 2462 2463
2464 2465 2466 2467 2468
2469 2470 2471 2472 2473
2474 2475 2476 2477 2478
2479 2480 2481 2482 3067
3068 3069 3070 3071 3072
3073 3074 3075 3076 3077
3078 3079 3080 3081 3082
3083 3084 3085 3086 3087
3088 3089 3090 3091 3092
3093 3094 3095 3096 3097
3098 3099 3100 3101 3102
3103 3104 3105 3106 3107
3108 3109 3110 3111 3112
3113 3114 3115 3116 3117
3118 3119 3120 3121 3122
3123 3124 3125 3126 3127
3128 3129 3130 3131 3132
3133 3134 3135 3136 3137
3138 3139 3505 3506 3507
3508 3509 3510 3511 3512
3513 3514 3515 3516 3517
3518 3519 3520 3521 3522
3523 3524 3525 3526 3527
3528 3529 3530 3531 3532
3533 3534 3535 3536 3537
3538 3539 3540 3541 3542
3543 3544 3545 3546 3547
3548 3549 3550 3551 3552
3553 3554 3555 3556 3557
3558 3559 3560 3561 3562
3563 3564 3565 3566 3567
3568 3569 3570 3571 3572
3573 3574 3575 3576
