410 411 677 678 692
697 698 699 700 701
702 703 704 705 706
707 708 709 710 711
712 713 714 721 729
730 731 732 733 734
736 737 738 739 740
741 742 743 744 745
746 747 748 749 750
751 752 753 754 755
757 758 759 760 775
776 777 778 779 780
781 782 783 784 785
786 787 788 789 790
791 794 795 796 797
798 799 800 801 802
803 804 805 806 807
808 809 810 811 812
813 814 815 816 826
827 828 829 830 831
832 879 880 881 1097
1098 1105 1106 1107 1124
1125 1148 1149 1150 1152
1153 1154 1155 1156 1181
1182 1183 1184 1185 1207
1388 1451 1452 1453 1454
1455 1548 1564 1565 1566
1567 1568 1569 1573 1574
1575 1576 1577 1578 1593
1594 1595 1596 1597 1598
1599 1603 1604 1611 1612
1613 1626 1628 1636 1853
1854 1996 1997 1998 1999
2000 2129 2130 2171 2172
2173 2180 2181 2286 2718
2719 2740 2741 3160 3161
3162 3163 3164 3366 3367
3368 3369 3391 3392 3394
3397 3399 3400 3429 3430
3453 3454 3464 3501 3502
3503 3504 3506 3531 3532
3535 3536 3537 3538 3539
3540 3541 3542 3543 3544
3545 3546 3547 3548 3553
3554 3555 3556 3557 3575
3576 3577 3578 3579 3580
3583 3584 3585 3586 3587
3588 3589 3590 3591 3592
3593 3594
