1 2 3 4 5
6 7 8 9 10
11 12 13 14 15
16 17 18 19 20
21 22 23 24 25
26 27 28 29 30
31 32 33 34 35
36 37 38 39 40
41 42 43 44 45
46 47 48 49 50
51 52 53 54 55
56 57 58 59 60
61 62 63 64 65
66 67 68 69 70
71 72 73 366 367
368 369 370 371 372
373 374 375 376 377
378 379 380 381 382
383 384 385 386 387
388 389 390 391 392
393 394 395 396 397
398 399 400 401 402
403 404 405 406 407
408 409 410 411 412
413 414 415 416 417
418 419 420 421 422
423 424 425 426 427
428 429 430 431 432
433 434 435 436 437
438 2994 2995 2996 2997
2998 2999 3000 3001 3002
3003 3004 3005 3006 3007
3008 3009 3010 3011 3012
3013 3014 3015 3016 3017
3018 3019 3020 3021 3022
3023 3024 3025 3026 3027
3028 3029 3030 3031 3032
3033 3034 3035 3036 3037
3038 3039 3040 3041 3042
3043 3044 3045 3046 3047
3048 3049 3050 3051 3052
3053 3054 3055 3056 3057
3058 3059 3060 3061 3062
3063 3064 3065 3066 3286
3287 3288 3289 3290 3291
3292 3293 3294 3295 3296
3297 3298 3299 3300 3301
3302 3303 3304 3305 3306
3307 3308 3309 3310 3311
3312 3313 3314 3315 3316
3317 3318 3319 3320 3321
3322 3323 3324 3325 3326
3327 3328 3329 3330 3331
3332 3333 3334 3335 3336
3337 3338 3339 3340 3341
3342 3343 3344 3345 3346
3347 3348 3349 3350 3351
3352 3353 3354 3355 3356
3357 3358
