658 659 660 661 662
663 664 665 666 667
668 669 670 671 672
673 674 675 676 677
678 679 680 681 682
683 684 685 686 687
688 689 690 691 692
693 694 695 696 697
698 699 700 701 702
703 704 705 706 707
708 709 710 711 712
713 714 715 716 717
718 719 720 721 722
723 724 725 726 727
728 729 730 1461 1462
1463 1464 1465 1466 1467
1468 1469 1470 1471 1472
1473 1474 1475 1476 1477
1478 1479 1480 1481 1482
1483 1484 1485 1486 1487
1488 1489 1490 1491 1492
1493 1494 1495 1496 1497
1498 1499 1500 1501 1502
1503 1504 1505 1506 1507
1508 1509 1510 1511 1512
1513 1514 1515 1516 1517
1518 1519 1520 1521 1522
1523 1524 1525 1526 1527
1528 1529 1530 1531 1532
1533 2483 2484 2485 2486
2487 2488 2489 2490 2491
2492 2493 2494 2495 2496
2497 2498 2499 2500 2501
2502 2503 2504 2505 2506
2507 2508 2509 2510 2511
2512 2513 2514 2515 2516
2517 2518 2519 2520 2521
2522 2523 2524 2525 2526
2527 2528 2529 2530 2531
2532 2533 2534 2535 2536
2537 2538 2539 2540 2541
2542 2543 2544 2545 2546
2547 2548 2549 2550 2551
2552 2553 2554 2555 2848
2849 2850 2851 2852 2853
2854 2855 2856 2857 2858
2859 2860 2861 2862 2863
2864 2865 2866 2867 2868
2869 2870 2871 2872 2873
2874 2875 2876 2877 2878
2879 2880 2881 2882 2883
2884 2885 2886 2887 2888
2889 2890 2891 2892 2893
2894 2895 2896 2897 2898
2899 2900 2901 2902 2903
2904 2905 2906 2907 2908
2909 2910 2911 2912 2913
2914 2915 2916 2917 2918
2919 2920
