366 367 368 369 370
371 372 373 374 375
376 377 378 379 380
381 382 383 384 385
386 387 388 389 390
391 392 393 394 395
396 397 398 399 400
401 402 403 404 405
406 407 408 409 410
411 412 413 414 415
416 417 418 419 420
421 422 423 424 425
426 427 428 429 430
431 432 433 434 435
436 437 438 512 513
514 515 516 517 518
519 520 521 522 523
524 525 526 527 528
529 530 531 532 533
534 535 536 537 538
539 540 541 542 543
544 545 546 547 548
549 550 551 552 553
554 555 556 557 558
559 560 561 562 563
564 565 566 567 568
569 570 571 572 573
574 575 576 577 578
579 580 581 582 583
584 1388 1389 1390 1391
1392 1393 1394 1395 1396
1397 1398 1399 1400 1401
1402 1403 1404 1405 1406
1407 1408 1409 1410 1411
1412 1413 1414 1415 1416
1417 1418 1419 1420 1421
1422 1423 1424 1425 1426
1427 1428 1429 1430 1431
1432 1433 1434 1435 1436
1437 1438 1439 1440 1441
1442 1443 1444 1445 1446
1447 1448 1449 1450 1451
1452 1453 1454 1455 1456
1457 1458 1459 1460
