23 63 95 137 145
146 149 154 176 197
204 206 211 221 228
239 252 272 289 298
300 322 323 335 337
362 381 393 398 404
419 432 465 468 470
472 497 501 510 516
520 530 603 620 632
657 660 683 694 697
707 719 723 743 759
766 804 814 815 836
840 849 894 906 907
921 923 925 956 957
974 1029 1063 1076 1095
1102 1110 1115 1151 1160
1179 1186 1192 1203 1208
1224 1235 1243 1244 1279
1285 1286 1291 1294 1297
1312 1314 1330 1340 1373
1381 1386 1395 1399 1406
1423 1442 1447 1448 1471
1505 1545 1597 1602 1631
1649 1650 1658 1683 1694
1709 1712 1716 1718 1721
1725 1753 1770 1795 1800
1822 1829 1842 1898 1919
1922 1925 1958 1967 1974
2022 2130 2150 2233 2262
2279 2337 2359 2399 2413
2414 2421 2442 2472 2483
2485 2524 2579 2631 2663
2677 2681 2683 2704 2755
2760 2777 2814 2819 2875
2881 2895 2899 2903 2907
2911 2928 2933 2956 2986
2990 3011 3021 3025 3031
3040 3046 3059 3062 3066
3097 3099 3117 3121 3135
3139 3140 3142 3149 3151
3154 3159 3163 3203 3209
3233 3294 3307 3319 3361
3368 3370 3378 3392 3399
3412 3414 3424 3480 3490
3502 3513 3525 3542 3544
3545 3554 3555 3560 3574
3587 3617 3644
