1972 1973 1974 1975 1976
1977 1978 1979 1980 1981
1982 1983 1984 1985 1986
1987 1988 1989 1990 1991
1992 1993 1994 1995 1996
1997 1998 1999 2000 2001
2002 2003 2004 2005 2006
2007 2008 2009 2010 2011
2012 2013 2014 2015 2016
2017 2018 2019 2020 2021
2022 2023 2024 2025 2026
2027 2028 2029 2030 2031
2032 2033 2034 2035 2036
2037 2038 2039 2040 2041
2042 2043 2044 2118 2119
2120 2121 2122 2123 2124
2125 2126 2127 2128 2129
2130 2131 2132 2133 2134
2135 2136 2137 2138 2139
2140 2141 2142 2143 2144
2145 2146 2147 2148 2149
2150 2151 2152 2153 2154
2155 2156 2157 2158 2159
2160 2161 2162 2163 2164
2165 2166 2167 2168 2169
2170 2171 2172 2173 2174
2175 2176 2177 2178 2179
2180 2181 2182 2183 2184
2185 2186 2187 2188 2189
2190 2556 2557 2558 2559
2560 2561 2562 2563 2564
2565 2566 2567 2568 2569
2570 2571 2572 2573 2574
2575 2576 2577 2578 2579
2580 2581 2582 2583 2584
2585 2586 2587 2588 2589
2590 2591 2592 2593 2594
2595 2596 2597 2598 2599
2600 2601 2602 2603 2604
2605 2606 2607 2608 2609
2610 2611 2612 2613 2614
2615 2616 2617 2618 2619
2620 2621 2622 2623 2624
2625 2626 2627 2628
