1 2 3 4 5
6 7 8 9 10
11 12 13 14 15
16 17 18 19 20
21 22 23 24 25
26 27 28 29 30
31 32 33 34 35
36 37 38 39 40
41 42 43 44 45
46 47 48 49 50
51 52 53 54 55
56 57 58 59 60
61 62 63 64 65
66 67 68 69 70
71 72 73 147 148
149 150 151 152 153
154 155 156 157 158
159 160 161 162 163
164 165 166 167 168
169 170 171 172 173
174 175 176 177 178
179 180 181 182 183
184 185 186 187 188
189 190 191 192 193
194 195 196 197 198
199 200 201 202 203
204 205 206 207 208
209 210 211 212 213
214 215 216 217 218
219 1972 1973 1974 1975
1976 1977 1978 1979 1980
1981 1982 1983 1984 1985
1986 1987 1988 1989 1990
1991 1992 1993 1994 1995
1996 1997 1998 1999 2000
2001 2002 2003 2004 2005
2006 2007 2008 2009 2010
2011 2012 2013 2014 2015
2016 2017 2018 2019 2020
2021 2022 2023 2024 2025
2026 2027 2028 2029 2030
2031 2032 2033 2034 2035
2036 2037 2038 2039 2040
2041 2042 2043 2044 3213
3214 3215 3216 3217 3218
3219 3220 3221 3222 3223
3224 3225 3226 3227 3228
3229 3230 3231 3232 3233
3234 3235 3236 3237 3238
3239 3240 3241 3242 3243
3244 3245 3246 3247 3248
3249 3250 3251 3252 3253
3254 3255 3256 3257 3258
3259 3260 3261 3262 3263
3264 3265 3266 3267 3268
3269 3270 3271 3272 3273
3274 3275 3276 3277 3278
3279 3280 3281 3282 3283
3284 3285 3359 3360 3361
3362 3363 3364 3365 3366
3367 3368 3369 3370 3371
3372 3373 3374 3375 3376
3377 3378 3379 3380 3381
3382 3383 3384 3385 3386
3387 3388 3389 3390 3391
3392 3393 3394 3395 3396
3397 3398 3399 3400 3401
3402 3403 3404 3405 3406
3407 3408 3409 3410 3411
3412 3413 3414 3415 3416
3417 3418 3419 3420 3421
3422 3423 3424 3425 3426
3427 3428 3429 3430 3431
