11 50 55 57 61
72 73 84 98 113
120 169 196 212 222
224 226 231 265 277
279 289 305 319 325
329 348 387 388 390
394 412 432 435 458
477 491 495 521 535
537 549 562 581 596
609 637 685 715 738
759 766 772 806 809
820 835 875 876 887
909 927 933 934 952
955 963 971 974 975
976 1007 1051 1053 1095
1098 1107 1112 1124 1145
1160 1194 1201 1215 1220
1225 1233 1249 1288 1294
1337 1340 1345 1379 1387
1396 1408 1436 1440 1441
1455 1456 1463 1487 1498
1503 1533 1536 1565 1571
1601 1674 1782 1799 1800
1802 1806 1808 1832 1837
1847 1865 1888 1906 1912
1917 1963 1967 1975 1997
2040 2043 2052 2086 2093
2113 2126 2134 2166 2194
2210 2220 2224 2238 2290
2307 2309 2311 2314 2323
2350 2351 2354 2371 2382
2392 2413 2414 2421 2440
2463 2468 2474 2475 2478
2501 2523 2528 2530 2576
2577 2590 2598 2601 2620
2621 2628 2633 2658 2694
2717 2736 2763 2769 2784
2805 2808 2874 3023 3074
3124 3139 3141 3158 3167
3180 3184 3192 3217 3240
3258 3299 3302 3309 3366
3396 3403 3456 3459 3493
3502 3512 3556 3576 3580
3582 3587 3598 3603 3644
3647
