23 59 65 72 79
81 84 85 90 97
109 131 143 155 183
195 199 220 236 238
246 251 256 258 260
266 273 276 287 290
291 310 317 318 338
340 349 350 352 389
400 405 408 425 440
447 465 477 516 536
568 585 600 624 640
658 672 691 702 706
709 710 729 779 784
788 791 816 858 867
877 912 919 930 937
939 946 947 955 965
971 980 990 994 998
1008 1012 1032 1036 1037
1055 1083 1095 1140 1159
1167 1195 1214 1222 1228
1291 1293 1295 1308 1317
1322 1326 1338 1357 1362
1392 1401 1428 1452 1467
1500 1514 1526 1529 1530
1542 1556 1608 1625 1636
1637 1642 1782 1799 1800
1802 1806 1808 1825 1836
1837 1843 1847 1851 1853
1865 1899 1907 1908 1924
1929 1946 1951 1972 1975
1977 2019 2020 2043 2058
2067 2080 2085 2094 2118
2163 2168 2178 2191 2193
2204 2206 2210 2217 2253
2254 2290 2307 2309 2311
2314 2323 2350 2351 2371
2382 2404 2411 2417 2447
2448 2453 2467 2511 2514
2515 2517 2531 2532 2554
2577 2581 2584 2603 2605
2620 2624 2635 2638 2644
2680 2683 2690 2693 2697
2711 2731 2737 2764 2772
2776 2777 2822 2856 2916
2932 2934 2940 2956 2962
2981 3018 3023 3026 3048
3052 3056 3076 3098 3111
3130 3139 3167 3186 3202
3205 3210 3240 3244 3255
3256 3286 3307 3310 3315
3316 3337 3338 3341 3344
3348 3349 3366 3376 3378
3385 3391 3396 3404 3411
3417 3450 3458 3465 3467
3470 3472 3490 3515 3516
3536 3580 3586 3627
