443 444 445 446 458
459 470 471 472 473
474 475 476 477 478
483 484 485 486 487
488 513 514 515 516
517 518 519 520 521
522 527 528 529 530
531 539 540 541 551
552 553 554 555 556
557 558 566 567 568
569 570 571 572 573
574 575 576 577 578
579 580 581 582 583
584 589 590 591 592
593 594 595 607 608
609 610 611 612 613
614 615 616 617 618
619 620 621 622 623
624 625 626 629 630
631 632 633 634 635
636 637 638 639 640
641 642 643 644 645
648 649 650 651 652
653 654 655 656 657
658 659 660 686 687
688 689 690 699 700
701 702 703 704 705
706 708 709 710 711
712 713 714 715 716
717 718 728 729 730
731 741 742 743 744
745 746 747 748 749
750 751 752 780 781
782 783 784 786 787
788 789 790 791 792
793 794 795 796 797
798 799 800 801 802
803 804 811 812 813
814 819 820 821 837
838 839 840 841 842
843 844 845 846 847
848 849 850 851 852
853 854 855 856 857
858 859 860 861 862
863 864 865 866 867
868 869 870 871 872
873 874 875 876 877
878 879 880 886 887
888 889 890 891 892
896 897 898 899 900
901 902 903 904 905
924 925 926 927 933
934 936 937 938 939
940 941 945 946 947
951 952 953 954 955
956 957 958 959 960
961 962 963 964 965
966 967 968 969 970
971 972 973 974 975
976 977 982 983 984
985 986 987 988 989
990 991 992 993 994
995 996 997 998 999
1000 1001 1002 1003 1004
1005 1006 1007 1008 1009
1010 1011 1012 1013 1014
1015 1016 1017 1018 1019
1020 1021 1022 1023 1024
1025 1026 1027 1028 1029
1030 1031 1032 1033 1034
1053 1054 1062 1063 1064
1065 1066 1067 1068 1069
1075 1076 1077 1096 1097
1098 1099 1100 1101 1102
1103 1104 1105 1106 1107
1108 1109 1119 1120 1121
1124 1125 1126 1127 1128
1129 1130 1131 1132 1133
1134 1135 1136 1137 1138
1139 1140 1141 1142 1143
1144 1145 1146 1147 1148
1149 1150 1151 1152 1153
1154 1155 1156 1157 1158
1159 1160 1161 1162 1163
1164 1165 1166 1167 1168
1169 1170 1171 1172 1173
1174 1175 1176 1177 1178
1179 1180 1181 1182 1183
1184 1185 1186 1187 1188
1189 1190 1191 1192 1193
1194 1195 1196 1197 1198
1199 1200 1201 1202 1203
1204 1205 1206 1207 1208
1209 1215 1216 1217 1218
1219 1220 1221 1222 1228
1229 1235 1236 1237 1238
1239 1240 1241 1242 1243
1244 1245 1246 1247 1248
1249 1250 1251 1252 1253
1254 1255 1256 1257 1258
1259 1260 1274 1275 1276
1279 1332 1344 1345 1346
1347 1348 1349 1350 1351
1352 1353 1354 1355 1356
1357 1358 1359 1360 1361
1362 1363 1364 1365 1366
1367 1368 1369 1370 1371
1372 1373 1374 1375 1376
1377 1378 1379 1380 1381
1382 1383 1384 1385 1386
1387 1388 1389 1390 1391
1392 1393 1394 1395 1411
1412 1413 1414 1415 1416
1417 1418 1419 1420 1421
1422 1423 1424 1425 1426
1427 1428 1429 1430 1431
1440 1441 1442 1443 1444
1445 1446 1447 1448 1449
1450 1451 1452 1453 1454
1455 1456 1457 1458 1459
1460 1461 1462 1463 1464
1465 1466 1467 1468 1469
1470 1471 1472 1473 1474
1475 1476 1477 1478 1479
1480 1481 1482 1483 1484
1489 1490 1491 1502 1503
1504 1505 1506 1516 1517
1525 1526 1527 1528 1529
1544 1545 1549 1550 1551
1552 1553 1554 1555 1556
1557 1558 1559 1560 1561
1562 1563 1564 1565 1566
1567 1568 1569 1570 1571
1572 1573 1574 1575 1576
1577 1578 1579 1580 1581
1582 1583 1584 1585 1586
1587 1588 1589 1590 1591
1592 1593 1594 1595 1596
1597 1598 1599 1600 1601
1602 1603 1604 1605 1606
1607 1608 1609 1610 1611
1612 1613 1614 1615 1616
1617 1618 1619 1620 1621
1622 1623 1624 1625 1626
1627 1628 1629 1630 1631
1632 1633 1634 1635 1636
1637 1638 1639 1640 1641
1642 1643 1644 1645 1646
1647 1667 1668 1669 1670
1671 1672 1673 1674 1675
1676 1677 1678 1679 1680
1681 1682 1683 1684 1685
1686 1687 1688 1689 1690
1691 1692 1693 1694 1695
1696 1697 1698 1699 1700
1701 1702 1703 1704 1705
1706 1707 1708 1709 1710
1711 1712 1713 1714 1715
1716 1717 1718 1719 1720
1721 1722 1723 1724 1725
1726 1727 1728 1729 1730
1731 1732 1733 1734 1735
1736 1737 1738 1739 1740
1741 1742 1743 1744 1745
1746 1747 1748 1749 1750
1751 1752 1753 1754 1755
1756 1757 1758 1759 1760
1761 1762 1763 1764 1765
1766 1767 1768 1769 1770
1771 1772 1773 1774 1775
1776 1777 1778 1788 1789
1790 1798 1799 1800 1801
1802 1822 1823 1824 1825
1826 1827 1830 1831 1832
1833 1834 1835 1836 1837
1838 1839 1840 1841 1842
1843 1844 1845 1846 1847
1848 1849 1850 1851 1852
1853 1854 1855 1856 1857
1858 1859 1860 1861 1862
1863 1864 1865 1877 1878
1879 1880 1881 1882 1883
1884 1885 1886 1887 1888
1889 1890 1891 1892 1893
1894 1895 1896 1897 1898
1899 1900 1901 1902 1903
1904 1905 1906 1907 1908
1909 1910 1911 1912 1913
1914 1915 1916 1917 1918
1919 1920 1921 1922 1923
1924 1925 1926 1927 1928
1929 1930 1931 1932 1933
1934 1935 1936 1939 1940
1941 1942 1943 1949 1950
1951 1952 1953 1954 1955
1956 1957 1958 1959 1960
1961 1962 1963 1964 1965
1966 1967 1968 1969 1970
1971 1972 1973 1974 1975
1976 1977 1978 1979 1980
1989 1990 1991 1992 1993
1994 1995 1996 1997 1998
1999 2000 2001 2002 2003
2004 2005 2006 2007 2008
2009 2010 2011 2012 2013
2014 2015 2016 2017 2018
2019 2020 2021 2022 2023
2024 2025 2026 2027 2028
2029 2092 2093 2094 2095
2099 2100 2101 2109 2110
2111 2112 2113 2114 2115
2116 2120 2121 2124 2125
2126 2127 2128 2129 2130
2131 2132 2133 2134 2135
2136 2137 2138 2139 2140
2141 2142 2143 2144 2145
2146 2147 2148 2149 2150
2151 2152 2153 2154 2170
2171 2172 2173 2174 2175
2176 2177 2178 2179 2180
2181 2182 2183 2243 2244
2245 2246 2267 2268 2269
2270 2284 2285 2286 2287
2288 2289 2290 2296 2297
2298 2374 2375 2376 2377
2378 2384 2385 2393 2394
2395 2396 2397 2455 2456
2457 2458 2459 2483 2484
2485 2486 2583 2584 2585
2586 2587 2588 2589 2613
2614 2615 2616 2617 2618
2619 2620 2621 2622 2623
2696 2697 2698 2699 2700
2701 2702 2703 2704 2705
2706 2707 2708 2709 2710
2711 2712 2713 2714 2715
2716 2717 2718 2719 2720
2721 2722 2723 2730 2731
2732 2736 2737 2738 2739
2740 2741 2742 2743 2744
2745 2746 2755 2756 2832
2833 2834 2835 2836 2837
2838 2839 2840 2841 2845
2846 2847 2848 2849 2876
2877 2878 2879 2880 2881
2882 2883 2884 2885 2886
2887 2888 2889 2890 2901
2902 2903 2904 2905 2906
2907 2908 2909 2910 2911
2912 2913 2914 2915 2916
2917 2918 3521 3522 3523
3524
