804 805 806 807 808
809 810 811 812 813
814 815 816 817 818
819 820 821 822 823
824 825 826 827 828
829 830 831 832 833
834 835 836 837 838
839 840 841 842 843
844 845 846 847 848
849 850 851 852 853
854 855 856 857 858
859 860 861 862 863
864 865 866 867 868
869 870 871 872 873
874 875 876 1461 1462
1463 1464 1465 1466 1467
1468 1469 1470 1471 1472
1473 1474 1475 1476 1477
1478 1479 1480 1481 1482
1483 1484 1485 1486 1487
1488 1489 1490 1491 1492
1493 1494 1495 1496 1497
1498 1499 1500 1501 1502
1503 1504 1505 1506 1507
1508 1509 1510 1511 1512
1513 1514 1515 1516 1517
1518 1519 1520 1521 1522
1523 1524 1525 1526 1527
1528 1529 1530 1531 1532
1533 2410 2411 2412 2413
2414 2415 2416 2417 2418
2419 2420 2421 2422 2423
2424 2425 2426 2427 2428
2429 2430 2431 2432 2433
2434 2435 2436 2437 2438
2439 2440 2441 2442 2443
2444 2445 2446 2447 2448
2449 2450 2451 2452 2453
2454 2455 2456 2457 2458
2459 2460 2461 2462 2463
2464 2465 2466 2467 2468
2469 2470 2471 2472 2473
2474 2475 2476 2477 2478
2479 2480 2481 2482 2556
2557 2558 2559 2560 2561
2562 2563 2564 2565 2566
2567 2568 2569 2570 2571
2572 2573 2574 2575 2576
2577 2578 2579 2580 2581
2582 2583 2584 2585 2586
2587 2588 2589 2590 2591
2592 2593 2594 2595 2596
2597 2598 2599 2600 2601
2602 2603 2604 2605 2606
2607 2608 2609 2610 2611
2612 2613 2614 2615 2616
2617 2618 2619 2620 2621
2622 2623 2624 2625 2626
2627 2628 2702 2703 2704
2705 2706 2707 2708 2709
2710 2711 2712 2713 2714
2715 2716 2717 2718 2719
2720 2721 2722 2723 2724
2725 2726 2727 2728 2729
2730 2731 2732 2733 2734
2735 2736 2737 2738 2739
2740 2741 2742 2743 2744
2745 2746 2747 2748 2749
2750 2751 2752 2753 2754
2755 2756 2757 2758 2759
2760 2761 2762 2763 2764
2765 2766 2767 2768 2769
2770 2771 2772 2773 2774
