472 473 474 475 485
486 517 552 553 571
572 573 574 575 576
577 578 579 580 592
593 594 609 610 611
612 613 614 615 619
620 621 622 623 634
635 636 637 638 639
640 641 642 650 651
652 653 654 729 730
743 781 782 788 789
790 791 792 846 847
848 849 850 851 860
861 862 863 864 865
866 867 868 869 870
871 872 873 874 876
877 1099 1100 1101 1102
1103 1104 1105 1148 1149
1150 1151 1152 1153 1154
1155 1156 1181 1182 1183
1184 1185 1186 1196 1197
1370 1371 1372 1382 1383
1384 1385 1386 1387 1392
1415 1416 1451 1452 1453
1454 1455 1464 1465 1466
1472 1473 1477 1478 1479
1638 1639 1837 1838 1839
1840 1841 1860 1861 1862
1881 1886 1890 1967 1968
1969 1970 1971 1972 1973
1974 1975 1976 1977 1978
1979 1980 1981 1982 1983
1984 1985 1986 1987 1988
1989 1990 1991 1992 1993
1994 1995 1996 1997 1998
1999 2000 2001 2002 2003
2004 2005 2006 2007 2008
2009 2010 2011 2126 2127
2128 2129 2145 2146 2147
2148 2174 2175 2176 2177
2178 2179 2223 2224 2225
2288 2289 2290 2322 2323
2324 2325 2326 2327 2328
2329 2330 2331 2332 2340
2341 2342 2343 2348 2349
2350 2351 2352 2353 2354
2355 2356 2357 2358 2359
2360 2361 2362 2363 2374
2375 2376 2377 2380 2381
2382 2383 2384 2385 2386
2397 2398 2399 2400 2401
2405 2463 2464 2465 2466
2467 2468 2469 2470 2471
2474 2475 2506 2507 2508
2509 2510 2511 2512 2513
2640 2770 2771 2772 2773
2774 2775 2776 2777 2778
2779 2780 2781 2782 2783
2784 2785 2801 2802 2803
2808 2809 2810 2811 2812
2813 2814 2815 2816 2817
2818 2819 2820 2821 2822
2823 2824 2825 2826 2827
2828 2829 2830 2831 2832
2833 2834 2835 2836 2837
2838 2839 2840 2841 2842
2843 2844 2845 2846 2847
2848 2849 2850 2851 2852
2853 2854 2855 2856 2857
2858 2859 2860 2861 2862
2863 2864 2865 2866 2867
2868 2869 2870 2871 2872
2873 2874 2875 2876 2877
2878 2879 2880 2881 2882
2883 2884 2885 2886 2887
2888 2889 2890 2891 2892
2901 2902 2903 2904 2905
2906 2907 2908 2909 2910
2911 2912 2913 2914 2915
2916 2917 2918 2919 2920
2921 2922 2923 2924 2925
2926 2927 2928 2929 2930
2931 2932 2933 2934 2935
2936 2937 2938 2939 2940
2941 2942 2943 2944 2945
2946 2947 2948 2954 2955
2956 2957 2958 2959 2960
2961 2962 2963 2964 2965
2966 2967 2969 2970 2971
2972 2973 2974 2975 2976
2977 2978 2979 2980 2981
2982 2983 2984 2985 2986
2987 2992 2993 2994 2995
2996 2997 2998 2999 3000
3001 3002 3003 3004 3005
3006 3007 3008 3009 3010
3011 3012 3024 3025 3026
