512 513 514 515 516
517 518 519 520 521
522 523 524 525 526
527 528 529 530 531
532 533 534 535 536
537 538 539 540 541
542 543 544 545 546
547 548 549 550 551
552 553 554 555 556
557 558 559 560 561
562 563 564 565 566
567 568 569 570 571
572 573 574 575 576
577 578 579 580 581
582 583 584 658 659
660 661 662 663 664
665 666 667 668 669
670 671 672 673 674
675 676 677 678 679
680 681 682 683 684
685 686 687 688 689
690 691 692 693 694
695 696 697 698 699
700 701 702 703 704
705 706 707 708 709
710 711 712 713 714
715 716 717 718 719
720 721 722 723 724
725 726 727 728 729
730 1826 1827 1828 1829
1830 1831 1832 1833 1834
1835 1836 1837 1838 1839
1840 1841 1842 1843 1844
1845 1846 1847 1848 1849
1850 1851 1852 1853 1854
1855 1856 1857 1858 1859
1860 1861 1862 1863 1864
1865 1866 1867 1868 1869
1870 1871 1872 1873 1874
1875 1876 1877 1878 1879
1880 1881 1882 1883 1884
1885 1886 1887 1888 1889
1890 1891 1892 1893 1894
1895 1896 1897 1898 2848
2849 2850 2851 2852 2853
2854 2855 2856 2857 2858
2859 2860 2861 2862 2863
2864 2865 2866 2867 2868
2869 2870 2871 2872 2873
2874 2875 2876 2877 2878
2879 2880 2881 2882 2883
2884 2885 2886 2887 2888
2889 2890 2891 2892 2893
2894 2895 2896 2897 2898
2899 2900 2901 2902 2903
2904 2905 2906 2907 2908
2909 2910 2911 2912 2913
2914 2915 2916 2917 2918
2919 2920 3213 3214 3215
3216 3217 3218 3219 3220
3221 3222 3223 3224 3225
3226 3227 3228 3229 3230
3231 3232 3233 3234 3235
3236 3237 3238 3239 3240
3241 3242 3243 3244 3245
3246 3247 3248 3249 3250
3251 3252 3253 3254 3255
3256 3257 3258 3259 3260
3261 3262 3263 3264 3265
3266 3267 3268 3269 3270
3271 3272 3273 3274 3275
3276 3277 3278 3279 3280
3281 3282 3283 3284 3285
3432 3433 3434 3435 3436
3437 3438 3439 3440 3441
3442 3443 3444 3445 3446
3447 3448 3449 3450 3451
3452 3453 3454 3455 3456
3457 3458 3459 3460 3461
3462 3463 3464 3465 3466
3467 3468 3469 3470 3471
3472 3473 3474 3475 3476
3477 3478 3479 3480 3481
3482 3483 3484 3485 3486
3487 3488 3489 3490 3491
3492 3493 3494 3495 3496
3497 3498 3499 3500 3501
3502 3503 3504 3505 3506
3507 3508 3509 3510 3511
3512 3513 3514 3515 3516
3517 3518 3519 3520 3521
3522 3523 3524 3525 3526
3527 3528 3529 3530 3531
3532 3533 3534 3535 3536
3537 3538 3539 3540 3541
3542 3543 3544 3545 3546
3547 3548 3549 3550 3551
3552 3553 3554 3555 3556
3557 3558 3559 3560 3561
3562 3563 3564 3565 3566
3567 3568 3569 3570 3571
3572 3573 3574 3575 3576
