293 294 295 296 297
298 299 300 301 302
303 304 305 306 307
308 309 310 311 312
313 314 315 316 317
318 319 320 321 322
323 324 325 326 327
328 329 330 331 332
333 334 335 336 337
338 339 340 341 342
343 344 345 346 347
348 349 350 351 352
353 354 355 356 357
358 359 360 361 362
363 364 365 585 586
587 588 589 590 591
592 593 594 595 596
597 598 599 600 601
602 603 604 605 606
607 608 609 610 611
612 613 614 615 616
617 618 619 620 621
622 623 624 625 626
627 628 629 630 631
632 633 634 635 636
637 638 639 640 641
642 643 644 645 646
647 648 649 650 651
652 653 654 655 656
657 2191 2192 2193 2194
2195 2196 2197 2198 2199
2200 2201 2202 2203 2204
2205 2206 2207 2208 2209
2210 2211 2212 2213 2214
2215 2216 2217 2218 2219
2220 2221 2222 2223 2224
2225 2226 2227 2228 2229
2230 2231 2232 2233 2234
2235 2236 2237 2238 2239
2240 2241 2242 2243 2244
2245 2246 2247 2248 2249
2250 2251 2252 2253 2254
2255 2256 2257 2258 2259
2260 2261 2262 2263
