147 148 149 150 151
152 153 154 155 156
157 158 159 160 161
162 163 164 165 166
167 168 169 170 171
172 173 174 175 176
177 178 179 180 181
182 183 184 185 186
187 188 189 190 191
192 193 194 195 196
197 198 199 200 201
202 203 204 205 206
207 208 209 210 211
212 213 214 215 216
217 218 219 1315 1316
1317 1318 1319 1320 1321
1322 1323 1324 1325 1326
1327 1328 1329 1330 1331
1332 1333 1334 1335 1336
1337 1338 1339 1340 1341
1342 1343 1344 1345 1346
1347 1348 1349 1350 1351
1352 1353 1354 1355 1356
1357 1358 1359 1360 1361
1362 1363 1364 1365 1366
1367 1368 1369 1370 1371
1372 1373 1374 1375 1376
1377 1378 1379 1380 1381
1382 1383 1384 1385 1386
1387 1388 1389 1390 1391
1392 1393 1394 1395 1396
1397 1398 1399 1400 1401
1402 1403 1404 1405 1406
1407 1408 1409 1410 1411
1412 1413 1414 1415 1416
1417 1418 1419 1420 1421
1422 1423 1424 1425 1426
1427 1428 1429 1430 1431
1432 1433 1434 1435 1436
1437 1438 1439 1440 1441
1442 1443 1444 1445 1446
1447 1448 1449 1450 1451
1452 1453 1454 1455 1456
1457 1458 1459 1460 1899
1900 1901 1902 1903 1904
1905 1906 1907 1908 1909
1910 1911 1912 1913 1914
1915 1916 1917 1918 1919
1920 1921 1922 1923 1924
1925 1926 1927 1928 1929
1930 1931 1932 1933 1934
1935 1936 1937 1938 1939
1940 1941 1942 1943 1944
1945 1946 1947 1948 1949
1950 1951 1952 1953 1954
1955 1956 1957 1958 1959
1960 1961 1962 1963 1964
1965 1966 1967 1968 1969
1970 1971 2483 2484 2485
2486 2487 2488 2489 2490
2491 2492 2493 2494 2495
2496 2497 2498 2499 2500
2501 2502 2503 2504 2505
2506 2507 2508 2509 2510
2511 2512 2513 2514 2515
2516 2517 2518 2519 2520
2521 2522 2523 2524 2525
2526 2527 2528 2529 2530
2531 2532 2533 2534 2535
2536 2537 2538 2539 2540
2541 2542 2543 2544 2545
2546 2547 2548 2549 2550
2551 2552 2553 2554 2555
