220 221 222 223 224
225 226 227 228 229
230 231 232 233 234
235 236 237 238 239
240 241 242 243 244
245 246 247 248 249
250 251 252 253 254
255 256 257 258 259
260 261 262 263 264
265 266 267 268 269
270 271 272 273 274
275 276 277 278 279
280 281 282 283 284
285 286 287 288 289
290 291 292 1680 1681
1682 1683 1684 1685 1686
1687 1688 1689 1690 1691
1692 1693 1694 1695 1696
1697 1698 1699 1700 1701
1702 1703 1704 1705 1706
1707 1708 1709 1710 1711
1712 1713 1714 1715 1716
1717 1718 1719 1720 1721
1722 1723 1724 1725 1726
1727 1728 1729 1730 1731
1732 1733 1734 1735 1736
1737 1738 1739 1740 1741
1742 1743 1744 1745 1746
1747 1748 1749 1750 1751
1752
