439 440 441 442 443
444 445 446 447 448
449 450 451 452 453
454 455 456 457 458
459 460 461 462 463
464 465 466 467 468
469 470 471 472 473
474 475 476 477 478
479 480 481 482 483
484 485 486 487 488
489 490 491 492 493
494 495 496 497 498
499 500 501 502 503
504 505 506 507 508
509 510 511 2994 2995
2996 2997 2998 2999 3000
3001 3002 3003 3004 3005
3006 3007 3008 3009 3010
3011 3012 3013 3014 3015
3016 3017 3018 3019 3020
3021 3022 3023 3024 3025
3026 3027 3028 3029 3030
3031 3032 3033 3034 3035
3036 3037 3038 3039 3040
3041 3042 3043 3044 3045
3046 3047 3048 3049 3050
3051 3052 3053 3054 3055
3056 3057 3058 3059 3060
3061 3062 3063 3064 3065
3066 3140 3141 3142 3143
3144 3145 3146 3147 3148
3149 3150 3151 3152 3153
3154 3155 3156 3157 3158
3159 3160 3161 3162 3163
3164 3165 3166 3167 3168
3169 3170 3171 3172 3173
3174 3175 3176 3177 3178
3179 3180 3181 3182 3183
3184 3185 3186 3187 3188
3189 3190 3191 3192 3193
3194 3195 3196 3197 3198
3199 3200 3201 3202 3203
3204 3205 3206 3207 3208
3209 3210 3211 3212
