1 2 3 4 5
6 7 8 9 10
11 12 13 14 15
16 17 18 19 20
21 22 23 24 25
26 27 28 29 30
31 32 33 34 35
36 37 38 39 40
41 42 43 44 45
46 47 48 49 50
51 52 53 54 55
56 57 58 59 60
61 62 63 64 65
66 67 68 69 70
71 72 73 950 951
952 953 954 955 956
957 958 959 960 961
962 963 964 965 966
967 968 969 970 971
972 973 974 975 976
977 978 979 980 981
982 983 984 985 986
987 988 989 990 991
992 993 994 995 996
997 998 999 1000 1001
1002 1003 1004 1005 1006
1007 1008 1009 1010 1011
1012 1013 1014 1015 1016
1017 1018 1019 1020 1021
1022 2556 2557 2558 2559
2560 2561 2562 2563 2564
2565 2566 2567 2568 2569
2570 2571 2572 2573 2574
2575 2576 2577 2578 2579
2580 2581 2582 2583 2584
2585 2586 2587 2588 2589
2590 2591 2592 2593 2594
2595 2596 2597 2598 2599
2600 2601 2602 2603 2604
2605 2606 2607 2608 2609
2610 2611 2612 2613 2614
2615 2616 2617 2618 2619
2620 2621 2622 2623 2624
2625 2626 2627 2628
