585 586 587 588 589
590 591 592 593 594
595 596 597 598 599
600 601 602 603 604
605 606 607 608 609
610 611 612 613 614
615 616 617 618 619
620 621 622 623 624
625 626 627 628 629
630 631 632 633 634
635 636 637 638 639
640 641 642 643 644
645 646 647 648 649
650 651 652 653 654
655 656 657 658 659
660 661 662 663 664
665 666 667 668 669
670 671 672 673 674
675 676 677 678 679
680 681 682 683 684
685 686 687 688 689
690 691 692 693 694
695 696 697 698 699
700 701 702 703 704
705 706 707 708 709
710 711 712 713 714
715 716 717 718 719
720 721 722 723 724
725 726 727 728 729
730 950 951 952 953
954 955 956 957 958
959 960 961 962 963
964 965 966 967 968
969 970 971 972 973
974 975 976 977 978
979 980 981 982 983
984 985 986 987 988
989 990 991 992 993
994 995 996 997 998
999 1000 1001 1002 1003
1004 1005 1006 1007 1008
1009 1010 1011 1012 1013
1014 1015 1016 1017 1018
1019 1020 1021 1022 1242
1243 1244 1245 1246 1247
1248 1249 1250 1251 1252
1253 1254 1255 1256 1257
1258 1259 1260 1261 1262
1263 1264 1265 1266 1267
1268 1269 1270 1271 1272
1273 1274 1275 1276 1277
1278 1279 1280 1281 1282
1283 1284 1285 1286 1287
1288 1289 1290 1291 1292
1293 1294 1295 1296 1297
1298 1299 1300 1301 1302
1303 1304 1305 1306 1307
1308 1309 1310 1311 1312
1313 1314 1461 1462 1463
1464 1465 1466 1467 1468
1469 1470 1471 1472 1473
1474 1475 1476 1477 1478
1479 1480 1481 1482 1483
1484 1485 1486 1487 1488
1489 1490 1491 1492 1493
1494 1495 1496 1497 1498
1499 1500 1501 1502 1503
1504 1505 1506 1507 1508
1509 1510 1511 1512 1513
1514 1515 1516 1517 1518
1519 1520 1521 1522 1523
1524 1525 1526 1527 1528
1529 1530 1531 1532 1533
1972 1973 1974 1975 1976
1977 1978 1979 1980 1981
1982 1983 1984 1985 1986
1987 1988 1989 1990 1991
1992 1993 1994 1995 1996
1997 1998 1999 2000 2001
2002 2003 2004 2005 2006
2007 2008 2009 2010 2011
2012 2013 2014 2015 2016
2017 2018 2019 2020 2021
2022 2023 2024 2025 2026
2027 2028 2029 2030 2031
2032 2033 2034 2035 2036
2037 2038 2039 2040 2041
2042 2043 2044 2556 2557
2558 2559 2560 2561 2562
2563 2564 2565 2566 2567
2568 2569 2570 2571 2572
2573 2574 2575 2576 2577
2578 2579 2580 2581 2582
2583 2584 2585 2586 2587
2588 2589 2590 2591 2592
2593 2594 2595 2596 2597
2598 2599 2600 2601 2602
2603 2604 2605 2606 2607
2608 2609 2610 2611 2612
2613 2614 2615 2616 2617
2618 2619 2620 2621 2622
2623 2624 2625 2626 2627
2628
