444 445 458 471 472
473 474 475 476 477
484 485 486 487 513
514 515 516 517 518
519 528 529 530 552
553 554 567 568 569
570 571 572 573 574
575 576 577 578 579
580 581 582 583 591
592 593 594 595 608
609 610 611 612 613
614 615 616 619 620
621 622 623 624 633
634 635 636 637 638
639 640 641 642 643
644 649 650 651 652
653 654 655 657 658
659 660 687 688 689
699 700 701 702 703
704 705 709 710 711
712 713 715 716 717
728 729 730 731 742
743 744 745 746 747
748 749 780 781 782
783 787 788 789 790
791 792 793 794 795
796 797 798 799 800
801 802 803 813 838
839 840 844 845 846
847 848 849 850 851
852 855 856 857 860
861 862 863 864 865
866 867 868 869 870
871 872 873 874 875
876 877 878 887 888
889 890 891 892 900
901 902 903 904 924
925 926 955 956 957
961 962 963 964 965
966 967 968 969 973
974 975 976 983 984
985 986 987 988 989
990 991 992 993 994
995 996 997 998 999
1000 1001 1002 1003 1004
1005 1006 1007 1008 1009
1010 1011 1012 1013 1014
1015 1016 1017 1018 1019
1020 1021 1022 1023 1024
1025 1026 1027 1028 1029
1030 1031 1032 1033 1062
1063 1064 1065 1066 1067
1068 1069 1076 1100 1101
1102 1103 1104 1105 1120
1126 1127 1128 1129 1130
1131 1132 1144 1145 1146
1147 1148 1149 1150 1151
1152 1153 1154 1159 1160
1161 1162 1163 1164 1165
1166 1167 1168 1169 1170
1171 1172 1173 1181 1182
1183 1184 1185 1186 1187
1188 1189 1190 1191 1195
1196 1197 1198 1199 1200
1201 1202 1203 1204 1205
1206 1207 1208 1209 1216
1217 1218 1219 1237 1238
1239 1240 1241 1242 1243
1244 1245 1246 1247 1248
1249 1250 1251 1252 1253
1254 1255 1256 1257 1258
1259 1344 1345 1346 1347
1348 1349 1350 1351 1352
1353 1354 1355 1359 1360
1361 1367 1368 1369 1370
1371 1372 1373 1379 1380
1381 1382 1383 1384 1385
1386 1387 1388 1389 1390
1391 1412 1413 1414 1415
1416 1417 1422 1423 1424
1441 1442 1443 1444 1445
1446 1447 1453 1458 1459
1460 1474 1489 1490 1503
1526 1527 1528 1552 1553
1554 1555 1556 1557 1558
1559 1560 1561 1562 1563
1564 1565 1566 1567 1568
1569 1570 1571 1572 1573
1574 1575 1576 1577 1578
1579 1580 1581 1582 1583
1584 1585 1586 1587 1588
1589 1590 1591 1592 1593
1594 1595 1596 1597 1598
1599 1600 1601 1602 1603
1604 1605 1606 1607 1608
1609 1610 1611 1612 1613
1614 1615 1616 1617 1618
1619 1620 1621 1622 1623
1625 1626 1627 1628 1629
1630 1635 1636 1637 1638
1639 1640 1641 1642 1643
1665 1666 1667 1668 1669
1670 1671 1672 1673 1674
1675 1676 1677 1678 1679
1680 1681 1682 1683 1684
1685 1686 1687 1688 1689
1690 1691 1692 1693 1694
1695 1696 1697 1698 1699
1700 1701 1702 1703 1704
1705 1706 1707 1708 1709
1710 1711 1712 1713 1714
1715 1716 1717 1718 1719
1720 1721 1722 1723 1724
1725 1726 1727 1728 1729
1730 1731 1732 1733 1734
1735 1736 1737 1738 1739
1740 1741 1742 1743 1744
1745 1746 1747 1748 1749
1750 1751 1752 1753 1754
1755 1756 1757 1758 1759
1760 1761 1762 1763 1764
1765 1766 1767 1768 1769
1771 1772 1773 1774 1775
1776 1777 1778 1779 1780
1781 1782 1783 1799 1800
1801 1802 1823 1824 1825
1826 1834 1835 1836 1837
1838 1839 1840 1841 1842
1843 1844 1845 1846 1847
1848 1849 1850 1851 1852
1853 1854 1857 1858 1859
1860 1861 1862 1863 1864
1879 1880 1881 1882 1883
1884 1885 1886 1887 1888
1889 1890 1891 1892 1893
1897 1898 1899 1906 1907
1908 1909 1912 1913 1914
1915 1916 1917 1918 1919
1920 1921 1923 1924 1925
1926 1927 1928 1929 1930
1931 1932 1933 1934 1935
1940 1941 1942 1950 1951
1952 1954 1955 1956 1957
1958 1959 1960 1961 1962
1963 1964 1972 1973 1974
1975 1976 1977 1996 1997
1998 1999 2000 2001 2002
2003 2004 2017 2018 2019
2020 2021 2022 2023 2024
2025 2026 2027 2093 2111
2112 2113 2114 2127 2128
2137 2138 2139 2140 2141
2142 2143 2144 2145 2146
2147 2148 2149 2174 2175
2176 2177 2178 2243 2244
2245 2246 2267 2268 2269
2270 2284 2285 2286 2287
2288 2289 2290 2296 2297
2298 2375 2376 2377 2378
2384 2385 2393 2394 2455
2456 2457 2458 2484 2485
2618 2619 2620 2697 2698
2699 2700 2701 2702 2703
2704 2705 2706 2707 2708
2709 2711 2712 2713 2714
2715 2716 2717 2718 2719
2720 2721 2722 2723 2730
2731 2736 2737 2738 2739
2740 2741 2742 2743 2744
2745 2746 2754 2755 2756
2826 2827 2828 2829 2830
2831 2832 2833 2889 2890
2891 2892 2893 2894 2895
2896 2897 2898 2899 2900
2901 2902 2903 2904 2905
2906 2907 2908 2909 2910
2911 2951 3521 3522 3523
3524
