25 30 40 41 42
45 72 111 112 114
122 146 151 184 186
190 194 216 225 237
241 243 244 252 261
292 316 326 354 363
376 395 408 429 431
438 446 475 483 491
566 595 627 638 646
663 681 711 715 746
755 779 780 788 792
801 809 823 839 843
851 875 922 938 944
946 966 987 995 999
1013 1021 1042 1043 1051
1066 1099 1100 1129 1133
1167 1202 1209 1239 1240
1241 1292 1324 1327 1417
1433 1434 1491 1498 1499
1512 1513 1519 1531 1541
1544 1545 1558 1597 1611
1625 1635 1642 1663 1665
1667 1690 1691 1712 1740
1766 1782 1785 1788 1796
1808 1817 1828 1835 1851
1873 1889 1908 1934 1935
1936 1945 1969 1974 1975
1980 1990 1999 2006 2055
2071 2077 2089 2092 2106
2118 2169 2189 2202 2205
2227 2230 2242 2244 2248
2256 2291 2320 2341 2354
2404 2419 2423 2466 2482
2496 2503 2521 2534 2545
2549 2559 2566 2570 2571
2578 2581 2602 2618 2651
2655 2694 2723 2734 2754
2759 2775 2782 2850 2947
2964 2976 2986 3004 3012
3022 3023 3045 3116 3138
3165 3167 3203 3204 3206
3248 3266 3275 3279 3308
3313 3326 3327 3329 3345
3347 3363 3371 3378 3399
3407 3412 3422 3424 3431
3455 3505 3507 3508 3543
3563 3572 3576 3599 3601
3608 3609 3610 3639
