366 367 368 369 370
371 372 373 374 375
376 377 378 379 380
381 382 383 384 385
386 387 388 389 390
391 392 393 394 395
396 397 398 399 400
401 402 403 404 405
406 407 408 409 410
411 412 413 414 415
416 417 418 419 420
421 422 423 424 425
426 427 428 429 430
431 432 433 434 435
436 437 438 585 586
587 588 589 590 591
592 593 594 595 596
597 598 599 600 601
602 603 604 605 606
607 608 609 610 611
612 613 614 615 616
617 618 619 620 621
622 623 624 625 626
627 628 629 630 631
632 633 634 635 636
637 638 639 640 641
642 643 644 645 646
647 648 649 650 651
652 653 654 655 656
657 1826 1827 1828 1829
1830 1831 1832 1833 1834
1835 1836 1837 1838 1839
1840 1841 1842 1843 1844
1845 1846 1847 1848 1849
1850 1851 1852 1853 1854
1855 1856 1857 1858 1859
1860 1861 1862 1863 1864
1865 1866 1867 1868 1869
1870 1871 1872 1873 1874
1875 1876 1877 1878 1879
1880 1881 1882 1883 1884
1885 1886 1887 1888 1889
1890 1891 1892 1893 1894
1895 1896 1897 1898 2045
2046 2047 2048 2049 2050
2051 2052 2053 2054 2055
2056 2057 2058 2059 2060
2061 2062 2063 2064 2065
2066 2067 2068 2069 2070
2071 2072 2073 2074 2075
2076 2077 2078 2079 2080
2081 2082 2083 2084 2085
2086 2087 2088 2089 2090
2091 2092 2093 2094 2095
2096 2097 2098 2099 2100
2101 2102 2103 2104 2105
2106 2107 2108 2109 2110
2111 2112 2113 2114 2115
2116 2117 2775 2776 2777
2778 2779 2780 2781 2782
2783 2784 2785 2786 2787
2788 2789 2790 2791 2792
2793 2794 2795 2796 2797
2798 2799 2800 2801 2802
2803 2804 2805 2806 2807
2808 2809 2810 2811 2812
2813 2814 2815 2816 2817
2818 2819 2820 2821 2822
2823 2824 2825 2826 2827
2828 2829 2830 2831 2832
2833 2834 2835 2836 2837
2838 2839 2840 2841 2842
2843 2844 2845 2846 2847
2848 2849 2850 2851 2852
2853 2854 2855 2856 2857
2858 2859 2860 2861 2862
2863 2864 2865 2866 2867
2868 2869 2870 2871 2872
2873 2874 2875 2876 2877
2878 2879 2880 2881 2882
2883 2884 2885 2886 2887
2888 2889 2890 2891 2892
2893 2894 2895 2896 2897
2898 2899 2900 2901 2902
2903 2904 2905 2906 2907
2908 2909 2910 2911 2912
2913 2914 2915 2916 2917
2918 2919 2920 3067 3068
3069 3070 3071 3072 3073
3074 3075 3076 3077 3078
3079 3080 3081 3082 3083
3084 3085 3086 3087 3088
3089 3090 3091 3092 3093
3094 3095 3096 3097 3098
3099 3100 3101 3102 3103
3104 3105 3106 3107 3108
3109 3110 3111 3112 3113
3114 3115 3116 3117 3118
3119 3120 3121 3122 3123
3124 3125 3126 3127 3128
3129 3130 3131 3132 3133
3134 3135 3136 3137 3138
3139
