444 445 471 472 473
474 475 476 484 485
486 487 514 515 516
517 518 529 530 553
568 569 570 571 572
573 574 575 576 577
578 579 580 581 582
591 592 593 594 609
610 611 612 613 614
615 620 621 622 623
624 634 635 636 637
638 639 640 641 642
643 650 651 652 653
654 658 659 688 689
703 704 710 711 712
716 729 730 742 743
744 745 746 747 781
782 787 788 789 790
791 795 798 799 802
803 844 845 846 847
848 849 850 851 862
863 864 865 866 867
868 869 870 871 872
873 874 875 876 877
878 889 890 891 902
903 925 926 938 962
963 964 965 966 974
984 985 986 987 988
989 990 991 992 993
994 995 996 997 998
999 1000 1001 1002 1003
1004 1005 1006 1007 1008
1009 1010 1011 1012 1013
1016 1017 1018 1019 1020
1021 1022 1025 1026 1027
1028 1029 1030 1031 1032
1033 1063 1064 1065 1066
1067 1068 1127 1128 1129
1130 1131 1145 1146 1147
1148 1149 1160 1161 1162
1163 1164 1165 1166 1167
1168 1169 1170 1171 1172
1185 1186 1187 1188 1189
1190 1198 1199 1200 1201
1202 1203 1204 1205 1206
1207 1208 1216 1217 1218
1238 1239 1240 1241 1242
1245 1246 1247 1248 1249
1250 1251 1252 1253 1254
1255 1256 1257 1258 1382
1383 1384 1385 1386 1387
1388 1444 1489 1490 1527
1528 1553 1554 1555 1556
1557 1558 1559 1560 1561
1562 1563 1564 1565 1566
1569 1570 1571 1572 1573
1574 1575 1576 1577 1578
1579 1580 1581 1582 1583
1584 1585 1586 1587 1588
1589 1590 1591 1592 1599
1600 1601 1602 1603 1604
1605 1606 1607 1608 1609
1610 1611 1627 1628 1637
1638 1639 1672 1673 1676
1677 1678 1679 1680 1681
1682 1683 1684 1685 1686
1693 1694 1695 1696 1697
1698 1699 1700 1701 1702
1703 1704 1705 1706 1707
1708 1709 1710 1711 1712
1713 1714 1715 1716 1717
1718 1719 1720 1721 1722
1723 1724 1725 1726 1727
1728 1729 1730 1731 1732
1733 1734 1735 1736 1737
1738 1739 1740 1741 1742
1743 1744 1745 1746 1747
1748 1749 1750 1751 1752
1753 1754 1755 1756 1757
1758 1759 1760 1761 1762
1763 1764 1765 1766 1767
1768 1769 1770 1771 1772
1799 1800 1801 1802 1823
1824 1825 1835 1836 1837
1838 1839 1840 1841 1842
1843 1851 1852 1859 1860
1861 1862 1863 1879 1880
1881 1882 1883 1884 1885
1886 1887 1888 1889 1890
1891 1892 1893 1894 1895
1896 1897 1898 1899 1917
1918 1919 1924 1925 1926
1927 1928 1929 1930 1931
1932 1933 1934 1957 1958
1959 1960 1973 1974 1975
1976 1977 1978 2618 2619
2703 2704 2705 2717 2718
2719 2720 2739 2740 2741
2742 2743 2823 2824 2825
2826 2827 2828 2829 2830
2831 2832 2833 2834 2835
2836 2837 2838 2839 2840
2841 2842 2843 2844 2880
2881 2882 2883 2884 2885
2886 2887 2888 2889 2890
2891 2892 2893 2894 2895
2896 2897 2898 2899 2900
2901 2902 2903 2904 2905
2906 2907 2908 2909 2910
2911 2912 2913 2914 2915
2916 2917 2918 2919 2920
2921 2922 2923 2924 2926
