1972 1973 1974 1975 1976
1977 1978 1979 1980 1981
1982 1983 1984 1985 1986
1987 1988 1989 1990 1991
1992 1993 1994 1995 1996
1997 1998 1999 2000 2001
2002 2003 2004 2005 2006
2007 2008 2009 2010 2011
2012 2013 2014 2015 2016
2017 2018 2019 2020 2021
2022 2023 2024 2025 2026
2027 2028 2029 2030 2031
2032 2033 2034 2035 2036
2037 2038 2039 2040 2041
2042 2043 2044 2775 2776
2777 2778 2779 2780 2781
2782 2783 2784 2785 2786
2787 2788 2789 2790 2791
2792 2793 2794 2795 2796
2797 2798 2799 2800 2801
2802 2803 2804 2805 2806
2807 2808 2809 2810 2811
2812 2813 2814 2815 2816
2817 2818 2819 2820 2821
2822 2823 2824 2825 2826
2827 2828 2829 2830 2831
2832 2833 2834 2835 2836
2837 2838 2839 2840 2841
2842 2843 2844 2845 2846
2847
