950 951 952 953 954
955 956 957 958 959
960 961 962 963 964
965 966 967 968 969
970 971 972 973 974
975 976 977 978 979
980 981 982 983 984
985 986 987 988 989
990 991 992 993 994
995 996 997 998 999
1000 1001 1002 1003 1004
1005 1006 1007 1008 1009
1010 1011 1012 1013 1014
1015 1016 1017 1018 1019
1020 1021 1022 1461 1462
1463 1464 1465 1466 1467
1468 1469 1470 1471 1472
1473 1474 1475 1476 1477
1478 1479 1480 1481 1482
1483 1484 1485 1486 1487
1488 1489 1490 1491 1492
1493 1494 1495 1496 1497
1498 1499 1500 1501 1502
1503 1504 1505 1506 1507
1508 1509 1510 1511 1512
1513 1514 1515 1516 1517
1518 1519 1520 1521 1522
1523 1524 1525 1526 1527
1528 1529 1530 1531 1532
1533 2045 2046 2047 2048
2049 2050 2051 2052 2053
2054 2055 2056 2057 2058
2059 2060 2061 2062 2063
2064 2065 2066 2067 2068
2069 2070 2071 2072 2073
2074 2075 2076 2077 2078
2079 2080 2081 2082 2083
2084 2085 2086 2087 2088
2089 2090 2091 2092 2093
2094 2095 2096 2097 2098
2099 2100 2101 2102 2103
2104 2105 2106 2107 2108
2109 2110 2111 2112 2113
2114 2115 2116 2117 2191
2192 2193 2194 2195 2196
2197 2198 2199 2200 2201
2202 2203 2204 2205 2206
2207 2208 2209 2210 2211
2212 2213 2214 2215 2216
2217 2218 2219 2220 2221
2222 2223 2224 2225 2226
2227 2228 2229 2230 2231
2232 2233 2234 2235 2236
2237 2238 2239 2240 2241
2242 2243 2244 2245 2246
2247 2248 2249 2250 2251
2252 2253 2254 2255 2256
2257 2258 2259 2260 2261
2262 2263
