293 294 295 296 297
298 299 300 301 302
303 304 305 306 307
308 309 310 311 312
313 314 315 316 317
318 319 320 321 322
323 324 325 326 327
328 329 330 331 332
333 334 335 336 337
338 339 340 341 342
343 344 345 346 347
348 349 350 351 352
353 354 355 356 357
358 359 360 361 362
363 364 365 366 367
368 369 370 371 372
373 374 375 376 377
378 379 380 381 382
383 384 385 386 387
388 389 390 391 392
393 394 395 396 397
398 399 400 401 402
403 404 405 406 407
408 409 410 411 412
413 414 415 416 417
418 419 420 421 422
423 424 425 426 427
428 429 430 431 432
433 434 435 436 437
438 1826 1827 1828 1829
1830 1831 1832 1833 1834
1835 1836 1837 1838 1839
1840 1841 1842 1843 1844
1845 1846 1847 1848 1849
1850 1851 1852 1853 1854
1855 1856 1857 1858 1859
1860 1861 1862 1863 1864
1865 1866 1867 1868 1869
1870 1871 1872 1873 1874
1875 1876 1877 1878 1879
1880 1881 1882 1883 1884
1885 1886 1887 1888 1889
1890 1891 1892 1893 1894
1895 1896 1897 1898 2556
2557 2558 2559 2560 2561
2562 2563 2564 2565 2566
2567 2568 2569 2570 2571
2572 2573 2574 2575 2576
2577 2578 2579 2580 2581
2582 2583 2584 2585 2586
2587 2588 2589 2590 2591
2592 2593 2594 2595 2596
2597 2598 2599 2600 2601
2602 2603 2604 2605 2606
2607 2608 2609 2610 2611
2612 2613 2614 2615 2616
2617 2618 2619 2620 2621
2622 2623 2624 2625 2626
2627 2628 2775 2776 2777
2778 2779 2780 2781 2782
2783 2784 2785 2786 2787
2788 2789 2790 2791 2792
2793 2794 2795 2796 2797
2798 2799 2800 2801 2802
2803 2804 2805 2806 2807
2808 2809 2810 2811 2812
2813 2814 2815 2816 2817
2818 2819 2820 2821 2822
2823 2824 2825 2826 2827
2828 2829 2830 2831 2832
2833 2834 2835 2836 2837
2838 2839 2840 2841 2842
2843 2844 2845 2846 2847
3286 3287 3288 3289 3290
3291 3292 3293 3294 3295
3296 3297 3298 3299 3300
3301 3302 3303 3304 3305
3306 3307 3308 3309 3310
3311 3312 3313 3314 3315
3316 3317 3318 3319 3320
3321 3322 3323 3324 3325
3326 3327 3328 3329 3330
3331 3332 3333 3334 3335
3336 3337 3338 3339 3340
3341 3342 3343 3344 3345
3346 3347 3348 3349 3350
3351 3352 3353 3354 3355
3356 3357 3358
