472 473 474 488 490
496 497 498 510 572
573 578 579 580 584
585 586 587 588 598
602 603 604 605 606
610 615 617 618 619
622 626 627 628 632
634 635 639 640 641
642 643 644 645 646
647 648 650 651 652
653 654 655 656 661
662 663 664 665 673
683 691 692 706 707
708 713 716 717 722
733 740 753 847 848
849 850 851 852 854
858 863 864 865 866
867 873 874 875 899
901 993 994 1000 1270
1311 1313 1330 1399 1438
1558 1632 1633 1634 1799
1802 1823 1827 1835 1836
1842 1843 1849 1850 1851
1854 1859 1864 1879 1883
1897 1899 1906 1908 1917
1918 1919 1920 1924 1935
1939 1944 1945 1948 1952
1955 1956 1960 1996 2001
2005 2008 2009 2018 2021
2022 2023 2028 2029 2092
2093 2094 2095 2096 2097
2103 2106 2107 2154 2158
2159 2168 2182 2183 2189
2190 2242 2243 2247 2267
2270 2288 2296 2297 2298
2455 2459 2483 2487 2697
2701 2702 2707 2716 2722
3522 3523 3524
