74 75 76 77 78
79 80 81 82 83
84 85 86 87 88
89 90 91 92 93
94 95 96 97 98
99 100 101 102 103
104 105 106 107 108
109 110 111 112 113
114 115 116 117 118
119 120 121 122 123
124 125 126 127 128
129 130 131 132 133
134 135 136 137 138
139 140 141 142 143
144 145 146 439 440
441 442 443 444 445
446 447 448 449 450
451 452 453 454 455
456 457 458 459 460
461 462 463 464 465
466 467 468 469 470
471 472 473 474 475
476 477 478 479 480
481 482 483 484 485
486 487 488 489 490
491 492 493 494 495
496 497 498 499 500
501 502 503 504 505
506 507 508 509 510
511 512 513 514 515
516 517 518 519 520
521 522 523 524 525
526 527 528 529 530
531 532 533 534 535
536 537 538 539 540
541 542 543 544 545
546 547 548 549 550
551 552 553 554 555
556 557 558 559 560
561 562 563 564 565
566 567 568 569 570
571 572 573 574 575
576 577 578 579 580
581 582 583 584
