950 951 952 953 954
955 956 957 958 959
960 961 962 963 964
965 966 967 968 969
970 971 972 973 974
975 976 977 978 979
980 981 982 983 984
985 986 987 988 989
990 991 992 993 994
995 996 997 998 999
1000 1001 1002 1003 1004
1005 1006 1007 1008 1009
1010 1011 1012 1013 1014
1015 1016 1017 1018 1019
1020 1021 1022 2556 2557
2558 2559 2560 2561 2562
2563 2564 2565 2566 2567
2568 2569 2570 2571 2572
2573 2574 2575 2576 2577
2578 2579 2580 2581 2582
2583 2584 2585 2586 2587
2588 2589 2590 2591 2592
2593 2594 2595 2596 2597
2598 2599 2600 2601 2602
2603 2604 2605 2606 2607
2608 2609 2610 2611 2612
2613 2614 2615 2616 2617
2618 2619 2620 2621 2622
2623 2624 2625 2626 2627
2628 3577 3578 3579 3580
3581 3582 3583 3584 3585
3586 3587 3588 3589 3590
3591 3592 3593 3594 3595
3596 3597 3598 3599 3600
3601 3602 3603 3604 3605
3606 3607 3608 3609 3610
3611 3612 3613 3614 3615
3616 3617 3618 3619 3620
3621 3622 3623 3624 3625
3626 3627 3628 3629 3630
3631 3632 3633 3634 3635
3636 3637 3638 3639 3640
3641 3642 3643 3644 3645
3646 3647 3648
