3 4 22 28 46
63 71 90 97 98
99 108 118 156 159
168 187 207 226 234
235 258 267 272 279
284 311 324 330 366
376 383 416 419 439
455 474 478 489 510
514 540 552 554 586
624 663 685 704 719
724 746 772 776 782
817 824 831 869 899
900 902 903 910 912
923 930 931 932 946
947 951 971 982 988
992 999 1000 1007 1016
1018 1034 1037 1038 1063
1079 1103 1139 1157 1159
1191 1211 1225 1235 1239
1260 1261 1269 1307 1349
1350 1372 1375 1376 1392
1405 1417 1423 1442 1453
1459 1462 1467 1470 1484
1489 1494 1508 1509 1510
1512 1549 1561 1570 1585
1594 1620 1696 1755 1778
1797 1804 1841 1843 1849
1864 1965 1976 1978 1991
1994 2005 2019 2112 2114
2140 2156 2166 2185 2187
2188 2192 2193 2216 2224
2236 2244 2246 2249 2274
2298 2329 2372 2416 2447
2487 2518 2534 2559 2561
2569 2575 2579 2584 2617
2705 2723 2758 2760 2772
2776 2786 2798 2836 2879
2890 2926 2937 2949 2952
2965 2986 3044 3070 3112
3130 3179 3191 3222 3256
3258 3282 3310 3317 3334
3338 3350 3399 3418 3420
3422 3443 3507 3516 3578
3605 3607 3612 3614 3636
