877 878 879 880 881
882 883 884 885 886
887 888 889 890 891
892 893 894 895 896
897 898 899 900 901
902 903 904 905 906
907 908 909 910 911
912 913 914 915 916
917 918 919 920 921
922 923 924 925 926
927 928 929 930 931
932 933 934 935 936
937 938 939 940 941
942 943 944 945 946
947 948 949 1388 1389
1390 1391 1392 1393 1394
1395 1396 1397 1398 1399
1400 1401 1402 1403 1404
1405 1406 1407 1408 1409
1410 1411 1412 1413 1414
1415 1416 1417 1418 1419
1420 1421 1422 1423 1424
1425 1426 1427 1428 1429
1430 1431 1432 1433 1434
1435 1436 1437 1438 1439
1440 1441 1442 1443 1444
1445 1446 1447 1448 1449
1450 1451 1452 1453 1454
1455 1456 1457 1458 1459
1460 1826 1827 1828 1829
1830 1831 1832 1833 1834
1835 1836 1837 1838 1839
1840 1841 1842 1843 1844
1845 1846 1847 1848 1849
1850 1851 1852 1853 1854
1855 1856 1857 1858 1859
1860 1861 1862 1863 1864
1865 1866 1867 1868 1869
1870 1871 1872 1873 1874
1875 1876 1877 1878 1879
1880 1881 1882 1883 1884
1885 1886 1887 1888 1889
1890 1891 1892 1893 1894
1895 1896 1897 1898 3505
3506 3507 3508 3509 3510
3511 3512 3513 3514 3515
3516 3517 3518 3519 3520
3521 3522 3523 3524 3525
3526 3527 3528 3529 3530
3531 3532 3533 3534 3535
3536 3537 3538 3539 3540
3541 3542 3543 3544 3545
3546 3547 3548 3549 3550
3551 3552 3553 3554 3555
3556 3557 3558 3559 3560
3561 3562 3563 3564 3565
3566 3567 3568 3569 3570
3571 3572 3573 3574 3575
3576
