955 956 957 967 968
990 991 992 996 1001
1002 1003 1004 1005 1006
1007 1019 1054 1095 1096
1097 1098 1099 1105 1106
1107 1108 1109 1110 1111
1124 1125 1126 1137 1138
1139 1140 1141 1142 1143
1144 1145 1146 1155 1156
1157 1158 1159 1160 1173
1174 1175 1176 1177 1178
1179 1180 1181 1191 1192
1193 1194 1195 1217 1218
1219 1220 1221 1237 1258
1259 1274 1275 1279 1280
1376 1377 1393 1394 1395
1449 1450 1451 1455 1456
1457 1463 1464 1465 1466
1467 1470 1471 1472 1476
1477 1784 1785 1953 1954
1962 1963 1964 1965 2240
2265 2273 2274 2289 2291
2292 2293 2294 2300 2306
2373 2374 2376 2377 2383
2384 2385 2405 2617 2618
2619 2630 2631 2632 2633
2634 2635 2636 2637 2638
2639 2640 2641 2642 2643
2644 2906
