1384 1385 1394 1395 1411
1412 1413 1414 1423 1424
1425 1426 1427 1429 1430
1431 1441 1442 1443 1444
1445 1446 1447 1448 1450
1451 1452 1453 1454 1455
1456 1457 1458 1459 1460
1463 1464 1465 1466 1467
1471 1472 1473 1474 1475
1476 1477 1478 1479 1480
1481 1482 1483 1489 1490
1504 1505 1526 1527 1528
1551 1552 1553 1554 1555
1556 1557 1558 1559 1560
1561 1562 1563 1564 1565
1566 1567 1568 1569 1570
1571 1572 1573 1574 1575
1576 1577 1578 1579 1580
1581 1582 1583 1584 1585
1586 1587 1588 1589 1590
1591 1592 1593 1594 1595
1596 1597 1598 1599 1600
1601 1602 1603 1604 1605
1606 1607 1608 1609 1610
1611 1612 1613 1614 1615
1616 1617 1618 1619 1620
1621 1622 1623 1624 1625
1630 1631 1632 1634 1635
1636 1637 1638 1639 1640
1641 1642 1643 1644 1677
1678 1679 1680 1708 1709
1710 1711 1712 1713 1714
1715 1716 1717 1718 1719
1720 1721 1722 1723 1724
1725 1726 1727 1728 1729
1730 1731 1732 1733 1734
1735 1741 1742 1743 1744
1745 1746 1747 1748 1769
1770 1771 1772 1789 1798
1799 1800 1801 1802 1822
1823 1824 1825 1826 1832
1833 1834 1835 1836 1837
1838 1839 1840 1841 1842
1843 1844 1845 1846 1847
1848 1849 1850 1851 1852
1853 1854 1855 1856 1857
1858 1859 1860 1861 1862
1863 1864 1865 1877 1878
1879 1880 1881 1882 1883
1884 1885 1886 1887 1888
1889 1890 1891 1902 1903
1905 1906 1907 1908 1909
1911 1912 1913 1914 1915
1916 1917 1918 1919 1920
1921 1922 1923 1924 1925
1926 1927 1928 1929 1930
1931 1932 1933 1934 1935
1936 1939 1940 1941 1942
1943 1949 1950 1951 1952
1953 1954 1955 1956 1957
1958 1959 1961 1962 1963
1966 1967 1968 1969 1970
1971 1972 1973 1974 1975
1976 1977 1978 1989 1990
1991 1994 1995 1996 1997
1998 1999 2000 2001 2002
2003 2007 2008 2009 2010
2011 2016 2017 2018 2019
2020 2021 2022 2023 2024
2025 2026 2027 2028 2029
2099 2100 2101 2109 2110
2111 2112 2113 2114 2115
2116 2125 2126 2127 2128
2129 2130 2131 2132 2133
2134 2135 2142 2143 2144
2145 2146 2147 2148 2149
2150 2151 2172 2173 2174
2175 2176 2177 2178 2179
2180 2181 2243 2244 2245
2246 2267 2268 2376 2377
2378 2455 2456 2457 2458
2707 2708 2719 2720 2740
2741 2742 2743 3524
