28 29 30 31 32
33 34 35 36 37
38 39 40 41 42
43 44 45 46 71
72 79 80 81 82
83 84 114 115 116
117 118 119 120 121
122 123 124 125 126
127 128 129 130 131
132 136 137 138 139
140 141 142 143 144
149 150 151 159 160
161 162 163 164 165
166 167 168 169 170
171 172 183 184 185
186 187 188 189 190
191 192 193 194 195
197 198 199 200 304
389 390 391 392 393
491 492 493 494 510
511 512 513 514 515
516 517 518 545 546
547 548 549 550 551
566 567 568 569 570
571 572 580 581 582
583 584 682 683 684
685 686 687 688 689
726 727 728 729 730
731 740 741 742 743
744 779 780 781 782
783 784 785 786 787
788 789 790 791 792
793 794 795 883 884
885 886 887 888 1037
1038 1039 1040 1054 1055
1056 1057 1101 1102 1103
1104 1105 1106 1121 1122
1123 1124 1125 1126 1127
1128 1135 1136 1137 1138
1154 1155 1156 1157 1158
1159 1160 1161 1162 1163
1164 1165 1166 1167 1168
1169 1170 1171 1172 1173
1174 1175 1176 1177 1178
1179 1180 1181 1182 1183
1184 1185 1186 1187 1193
1194 1195 1196 1197 1198
1199 1200 1201 1202 1203
1204 1205 1206 1207 1208
1209 1210 1211 1212 1213
1214 1215 1216 1217 1218
1219 1220 1221 1222 1223
1224 1225 1226 1227 1240
1241 1242 1243 1244 1245
1246 1247 1248 1249 1275
1276 1277 1278 1279 1280
1281 1282 1283 1284 1285
1286 1287 1288 1289 1290
1291 1292 1293 1294 1295
1296 1297 1298 1318 1319
1320 1321 1322 1323 1324
1325 1326 1327 1328 1329
1330 1331 1332 1333 1334
1335 1359 1360 1361 1362
1363 1364 1365 1366 1367
1368 1388 1389 1390 1391
1392 1410 1411 1412 1413
1414 1415 1416 1417 1418
1419 1420 1421 1422 1423
1424 1425 1536 1537 1538
1539 1540 1541 1542 1594
1595 1596 1597 1598 1599
1600 1601 1602 1603 1604
1605 1606 1607 1608 1609
1610 1611 1612 1639 1640
1641 1642 1643 1644 1645
1646 1647 1648 1649 1650
1651 1652 1653 1654 1665
1666 1667 1668 1669 1670
1671 1680 1681 1682 1683
1684 1685 1686 1687 1688
1689 1690 1691 1692 1693
1694 1695 1696 1697 1698
1699 1700 1701 1702 1703
1704 1705 1706 1707 1708
1709 1710 1711 1712 1713
1714 1715 1716 1717 1718
1719 1720 1721 1722 1723
1724 1725 1726 1727 1728
1729 1730 1731 1732 1733
1734 1735 1736 1737 1738
1739 1740 1741 1742 1743
1744 1745 1763 1764 1765
1766 1767 1768 1769 1770
1771 1772 1773 1774 1782
1783 1784 1785 1786 1787
1788 1789 1790 1791 1792
1793 1794 1795 1796 1797
1798 1799 1800 1896 1897
1898 1899 1900 1901 1902
1903 1924 1925 1926 1927
1928 1954 1955 1956 1957
1958 1959 1960 1961 1969
1970 1971 1972 1973 1974
1975 1976 1977 1978 1979
1980 1981 1982 1983 1984
1985 1986 1987 1988 1989
1990 1991 1992 1993 1994
1995 1996 1997 1998 1999
2000 2001 2002 2003 2004
2005 2006 2007 2008 2009
2010 2011 2012 2013 2014
2015 2016 2017 2018 2019
2020 2021 2022 2023 2024
2025 2026 2027 2028 2029
2030 2031 2032 2033 2034
2035 2036 2037 2038 2039
2040 2041 2042 2043 2044
2045 2046 2047 2048 2049
2050 2051 2052 2053 2054
2055 2056 2057 2058 2059
2060 2061 2062 2063 2064
2065 2066 2067 2078 2079
2080 2081 2082 2083 2084
2085 2086 2087 2088 2089
2090 2103 2104 2105 2106
2107 2108 2168 2169 2195
2196 2197 2198 2252 2307
2308 2309 2310 2311 2312
2313 2314 2315 2316 2317
2318 2319 2320 2321 2322
2323 2324 2325 2326 2327
2328 2329 2330 2331 2332
2333 2334 2335 2336 2337
2338 2339 2340 2341 2342
2343 2344 2345 2346 2347
2348 2349 2350 2351 2352
2353 2354 2355 2356 2357
2358 2359 2360 2361 2362
2363 2364 2365 2366 2367
2368 2369 2370 2371 2372
2373 2374 2375 2376 2377
2378 2379 2380 2381 2382
2383 2384 2385 2386 2387
2388 2389 2390 2391 2392
2393 2394 2395 2396 2397
2398 2399 2400 2401 2402
2403 2404 2405 2406 2407
2408 2409 2410 2411 2437
2438 2439 2440 2441 2442
2443 2444 2445 2446 2447
2448 2449 2450 2451 2452
2453 2454 2455 2456 2457
2458 2459 2460 2461 2462
2463 2464 2465 2466 2467
2468 2469 2470 2471 2472
2473 2474 2475 2476 2477
2478 2479 2480 2481 2482
2483 2484 2485 2486 2487
2488 2489 2490 2491 2492
2493 2494 2495 2496 2497
2498 2499 2500 2501 2502
2503 2504 2505 2506 2507
2508 2509 2510 2511 2512
2513 2701 2702 2703 2704
2705 2706 2707 2708 2709
2710 2711 2712 2713 2714
2715 2716 2717 2718 2719
2720 2721 2722 2723 2724
2742 2743 2744 2745 2746
2747 2756 2757 2758 2759
2760 2761 2762 2763 2764
2765 2766 2822 2823 2824
2825 2826 2827 2828 2829
2830 2831 2853 2854 2855
2856 2857 2858 2859 2860
2861 3127 3128 3129 3130
3131 3132 3133 3346 3347
3348 3349 3439 3440 3441
3442 3443 3444 3445 3446
3447 3448 3449 3450 3451
3452 3453 3454 3455 3456
3457 3458 3459 3460 3461
3462 3463 3464 3465 3466
3467 3468 3469 3470 3471
3472 3473 3474 3475 3476
3477 3478 3479 3480 3493
3495 3497 3557 3558 3567
3568 3569 3570 3571 3572
3573 3574 3575 3576 3577
3578 3599 3641 3642 3643
3644 3645 3646 3647 3648
