23 50 59 65 72
79 81 84 85 90
97 109 131 143 155
183 195 199 220 236
238 246 251 256 258
260 266 273 276 287
290 291 310 317 318
338 340 349 350 352
444 466 480 513 519
540 545 546 547 570
574 593 622 658 671
680 704 711 731 751
779 784 788 791 816
858 867 877 912 919
930 937 939 947 952
981 984 987 988 1001
1026 1082 1085 1126 1142
1156 1166 1179 1190 1192
1222 1228 1235 1241 1273
1293 1307 1311 1359 1374
1413 1414 1423 1485 1494
1507 1508 1515 1534 1536
1551 1590 1639 1647 1669
1675 1683 1700 1727 1729
1765 1785 1796 1834 1848
1922 1976 1978 1980 1988
2000 2005 2033 2035 2037
2039 2041 2047 2055 2085
2089 2096 2097 2124 2140
2155 2185 2208 2217 2249
2254 2261 2283 2351 2352
2356 2366 2373 2407 2408
2438 2439 2465 2484 2497
2505 2511 2519 2521 2525
2531 2550 2583 2613 2620
2623 2628 2642 2664 2679
2696 2721 2751 2784 2792
3023 3148 3151 3158 3163
3185 3202 3205 3210 3240
3244 3255 3256 3286 3307
3310 3315 3316 3337 3338
3341 3344 3348 3349 3357
3377 3387 3423 3428 3437
3482 3503 3513 3528 3536
3562 3568 3580 3582 3633
