1 2 3 4 5
6 7 8 9 10
11 12 13 14 15
16 17 18 19 20
21 22 23 24 25
26 27 28 29 30
31 32 33 34 35
36 37 38 39 40
41 42 43 44 45
46 47 48 49 50
51 52 53 54 55
56 57 58 59 60
61 62 63 64 65
66 67 68 69 70
71 72 73 1972 1973
1974 1975 1976 1977 1978
1979 1980 1981 1982 1983
1984 1985 1986 1987 1988
1989 1990 1991 1992 1993
1994 1995 1996 1997 1998
1999 2000 2001 2002 2003
2004 2005 2006 2007 2008
2009 2010 2011 2012 2013
2014 2015 2016 2017 2018
2019 2020 2021 2022 2023
2024 2025 2026 2027 2028
2029 2030 2031 2032 2033
2034 2035 2036 2037 2038
2039 2040 2041 2042 2043
2044 2045 2046 2047 2048
2049 2050 2051 2052 2053
2054 2055 2056 2057 2058
2059 2060 2061 2062 2063
2064 2065 2066 2067 2068
2069 2070 2071 2072 2073
2074 2075 2076 2077 2078
2079 2080 2081 2082 2083
2084 2085 2086 2087 2088
2089 2090 2091 2092 2093
2094 2095 2096 2097 2098
2099 2100 2101 2102 2103
2104 2105 2106 2107 2108
2109 2110 2111 2112 2113
2114 2115 2116 2117 2702
2703 2704 2705 2706 2707
2708 2709 2710 2711 2712
2713 2714 2715 2716 2717
2718 2719 2720 2721 2722
2723 2724 2725 2726 2727
2728 2729 2730 2731 2732
2733 2734 2735 2736 2737
2738 2739 2740 2741 2742
2743 2744 2745 2746 2747
2748 2749 2750 2751 2752
2753 2754 2755 2756 2757
2758 2759 2760 2761 2762
2763 2764 2765 2766 2767
2768 2769 2770 2771 2772
2773 2774 2921 2922 2923
2924 2925 2926 2927 2928
2929 2930 2931 2932 2933
2934 2935 2936 2937 2938
2939 2940 2941 2942 2943
2944 2945 2946 2947 2948
2949 2950 2951 2952 2953
2954 2955 2956 2957 2958
2959 2960 2961 2962 2963
2964 2965 2966 2967 2968
2969 2970 2971 2972 2973
2974 2975 2976 2977 2978
2979 2980 2981 2982 2983
2984 2985 2986 2987 2988
2989 2990 2991 2992 2993
