1 21 24 39 40
52 55 59 71 81
104 125 140 144 156
183 228 229 230 244
255 267 320 339 363
369 370 371 383 384
387 399 400 402 410
467 504 523 615 642
653 665 688 713 717
744 763 782 824 827
855 911 917 918 922
924 950 954 981 991
995 1002 1010 1025 1028
1030 1041 1118 1159 1184
1228 1262 1296 1308 1319
1350 1402 1431 1473 1490
1503 1519 1525 1536 1539
1544 1547 1551 1595 1616
1633 1643 1646 1659 1661
1684 1708 1710 1713 1723
1744 1750 1755 1761 1763
1765 1810 1830 1846 1862
1884 1888 1954 1970 2006
2072 2104 2114 2171 2188
2213 2255 2261 2263 2264
2281 2300 2306 2382 2383
2423 2434 2455 2494 2497
2504 2510 2513 2525 2612
2629 2630 2632 2647 2679
2729 2731 2755 2760 2798
2801 2834 2878 2879 2925
2931 2937 2957 2962 3009
3010 3031 3051 3058 3059
3070 3075 3081 3104 3106
3110 3127 3154 3157 3166
3178 3206 3227 3238 3241
3254 3259 3277 3290 3301
3321 3323 3328 3335 3348
3352 3357 3358 3372 3389
3391 3398 3414 3431 3435
3442 3454 3462 3464 3479
3480 3481 3484 3510 3517
3519 3526 3551 3565 3585
3592 3601 3636
