80 85 103 125 171
208 210 213 235 274
280 284 291 330 336
337 393 417 439 479
487 511 512 523 524
542 554 615 626 635
638 645 666 693 697
699 700 701 703 710
723 740 741 748 749
762 780 798 813 848
852 882 916 923 934
938 954 960 975 981
987 993 1014 1029 1037
1040 1045 1103 1104 1111
1127 1130 1160 1166 1172
1174 1183 1194 1221 1225
1243 1244 1267 1306 1310
1333 1340 1357 1389 1396
1404 1415 1419 1451 1452
1454 1499 1502 1516 1524
1529 1538 1539 1547 1579
1592 1603 1609 1610 1622
1632 1662 1668 1676 1759
1769 1776 1798 1803 1812
1824 1829 1835 1853 1900
1953 1959 1965 1971 1975
1983 1987 1994 1995 2064
2071 2088 2091 2112 2114
2122 2124 2129 2185 2201
2206 2223 2227 2237 2242
2281 2297 2304 2334 2348
2354 2373 2384 2391 2399
2425 2436 2466 2469 2476
2485 2506 2543 2549 2564
2565 2571 2576 2578 2587
2597 2605 2606 2610 2614
2619 2625 2661 2670 2733
2736 2737 2758 2883 2947
2949 2962 2964 2977 2985
3002 3007 3022 3037 3059
3081 3114 3124 3134 3137
3139 3144 3195 3210 3211
3231 3261 3289 3299 3300
3301 3320 3327 3336 3381
3390 3413 3424 3436 3451
3471 3486 3583 3609 3614
3624 3629 3634 3639 3643
3645
