11 36 59 61 68
81 86 93 102 107
123 138 163 197 204
211 225 247 250 253
254 270 277 307 309
310 313 319 331 341
375 387 389 394 399
412 415 416 420 433
460 470 477 500 503
505 515 517 518 525
574 582 586 589 593
620 632 635 647 649
670 692 742 744 746
747 750 760 803 808
814 815 818 820 824
834 849 860 861 865
874 880 885 898 913
942 948 954 955 961
968 972 985 987 1007
1025 1027 1034 1052 1055
1067 1087 1094 1099 1115
1129 1163 1165 1180 1229
1230 1243 1252 1284 1287
1307 1330 1341 1353 1390
1406 1407 1421 1443 1473
1484 1500 1501 1507 1510
1530 1537 1557 1558 1563
1566 1586 1596 1600 1611
1623 1624 1631 1632 1662
1700 1732 1799 1816 1818
1822 1834 1839 1841 1846
1858 1873 1885 1889 1898
1917 1918 1919 1922 1961
1968 1982 1995 2016 2026
2030 2031 2039 2056 2095
2116 2132 2133 2157 2159
2185 2191 2198 2200 2214
2225 2278 2288 2338 2368
2383 2407 2432 2444 2451
2452 2474 2494 2515 2567
2614 2631 2665 2675 2714
2716 2720 2734 2743 2750
2784 2792 2808 2819 2893
2896 2955 2966 3009 3018
3065 3075 3077 3082 3083
3086 3089 3100 3101 3183
3198 3207 3245 3249 3298
3305 3311 3312 3348 3365
3396 3401 3405 3411 3419
3431 3433 3434 3456 3463
3464 3466 3480 3482 3515
3524 3529 3534 3546 3556
3580 3591 3596 3628
