441 442 443 444 445
446 458 459 470 471
472 473 474 475 476
477 478 479 483 484
485 486 487 488 503
513 514 515 516 517
518 519 520 521 522
523 526 527 528 529
530 531 532 539 540
541 544 545 550 551
552 553 554 555 556
557 558 559 560 562
565 566 567 568 569
570 571 572 573 574
575 576 577 578 579
580 581 582 583 584
585 589 590 591 592
593 594 595 596 606
607 608 609 610 611
612 613 614 615 616
617 618 619 620 621
622 623 624 625 626
627 628 629 630 631
632 633 634 635 636
637 638 639 640 641
642 643 644 645 646
647 648 649 650 651
652 653 654 655 656
657 658 659 660 661
685 686 687 688 689
690 698 699 700 701
702 703 704 705 706
707 708 709 710 711
712 713 714 715 716
717 718 719 726 727
728 729 730 731 732
741 742 743 744 745
746 747 748 749 750
751 752 779 780 781
782 783 784 785 786
787 788 789 790 791
792 793 794 795 796
797 798 799 800 801
802 803 804 805 809
810 811 812 813 814
815 818 819 820 821
822 824 825 835 836
837 838 839 840 841
842 843 844 845 846
847 848 849 850 851
852 853 854 855 856
857 858 859 860 861
862 863 864 865 866
867 868 869 870 871
872 873 874 875 876
877 878 879 880 881
882 883 886 887 888
889 890 891 892 893
895 896 897 898 899
900 901 902 903 904
905 910 923 924 925
926 927 928 945 950
951 952 953 954 955
956 957 958 959 960
961 962 963 964 965
966 967 968 969 970
971 972 973 974 975
976 977 978 979 980
981 982 983 984 985
986 987 988 989 990
991 992 993 994 995
996 997 998 999 1000
1001 1002 1003 1004 1005
1006 1007 1008 1009 1010
1011 1012 1013 1014 1015
1016 1017 1018 1019 1020
1021 1022 1023 1024 1025
1026 1027 1028 1029 1030
1031 1032 1033 1034 1035
1057 1058 1059 1060 1061
1062 1063 1064 1065 1066
1067 1068 1069 1070 1074
1075 1076 1077 1087 1096
1097 1098 1099 1100 1101
1102 1103 1104 1105 1106
1107 1108 1119 1120 1121
1122 1124 1125 1126 1127
1128 1129 1130 1131 1132
1133 1134 1135 1136 1137
1138 1140 1141 1142 1143
1144 1145 1146 1147 1148
1149 1150 1151 1152 1153
1154 1155 1156 1157 1158
1159 1160 1161 1162 1163
1164 1165 1166 1167 1168
1169 1170 1171 1172 1173
1174 1175 1176 1177 1178
1179 1180 1181 1182 1183
1184 1185 1186 1187 1188
1189 1190 1191 1192 1193
1194 1195 1196 1197 1198
1199 1200 1201 1202 1203
1204 1205 1206 1207 1208
1209 1210 1215 1216 1217
1218 1219 1220 1221 1222
1225 1226 1227 1228 1229
1234 1235 1236 1237 1238
1239 1240 1241 1242 1243
1244 1245 1246 1247 1248
1249 1250 1251 1252 1253
1254 1255 1256 1257 1258
1259 1260 1348 1349 1350
1354 1355 1384 1385 1428
1482 1488 1489 1490 1491
1502 1503 1504 1505 1508
1525 1526 1527 1528 1529
1530 1544 1545 1549 1550
1551 1552 1553 1554 1555
1556 1557 1558 1559 1560
1561 1562 1563 1564 1565
1566 1567 1568 1569 1570
1571 1572 1573 1574 1575
1576 1577 1578 1579 1580
1581 1582 1583 1584 1585
1586 1587 1588 1589 1590
1591 1592 1593 1594 1595
1596 1597 1598 1599 1600
1601 1602 1603 1604 1605
1606 1607 1608 1609 1610
1611 1612 1613 1614 1640
1641 1642 1643 1644 1645
1646 1647 1648 1668 1669
1670 1671 1672 1673 1674
1675 1676 1677 1678 1679
1680 1681 1682 1683 1684
1685 1686 1687 1688 1689
1690 1691 1692 1693 1694
1695 1696 1697 1698 1699
1700 1701 1702 1703 1704
1705 1706 1707 1708 1709
1710 1711 1712 1713 1714
1715 1716 1717 1718 1719
1720 1721 1722 1723 1724
1725 1726 1727 1728 1729
1730 1731 1732 1733 1734
1735 1736 1737 1738 1739
1740 1741 1742 1743 1744
1745 1746 1747 1748 1749
1750 1751 1752 1753 1754
1755 1756 1757 1758 1759
1760 1761 1762 1763 1764
1765 1766 1767 1772 1773
1774 1775 1887 1888 1889
1890 1891 1892 1893 2140
2144 2145 2146 2147 2148
2172 2173 2174 2175 2176
2177 2178 2393 2394 2395
2822 2823 2824 2825 2826
2827 2828 2829 2830 2831
2832 2833 2834 2835 2836
2837 2838 2839 2840 2841
2842 2843 2844 2845 2846
2847 2848 2849 2850 2851
2855 2856 2877 2878 2879
2880 2881 2882 2883 2884
2885 2886 2887 2888 2889
2890 2891 2892 2893 2894
2895 2896 2897 2898 2899
2900 2901 2902 2903 2904
2905 2906 2907 2908 2909
2910 2911 2912 2913 2914
2915 2916 2917 2918 2919
2920 2921 2922 2923 2924
2925 2926 2927 2928 2929
2930 2931
