1753 1754 1755 1756 1757
1758 1759 1760 1761 1762
1763 1764 1765 1766 1767
1768 1769 1770 1771 1772
1773 1774 1775 1776 1777
1778 1779 1780 1781 1782
1783 1784 1785 1786 1787
1788 1789 1790 1791 1792
1793 1794 1795 1796 1797
1798 1799 1800 1801 1802
1803 1804 1805 1806 1807
1808 1809 1810 1811 1812
1813 1814 1815 1816 1817
1818 1819 1820 1821 1822
1823 1824 1825 2483 2484
2485 2486 2487 2488 2489
2490 2491 2492 2493 2494
2495 2496 2497 2498 2499
2500 2501 2502 2503 2504
2505 2506 2507 2508 2509
2510 2511 2512 2513 2514
2515 2516 2517 2518 2519
2520 2521 2522 2523 2524
2525 2526 2527 2528 2529
2530 2531 2532 2533 2534
2535 2536 2537 2538 2539
2540 2541 2542 2543 2544
2545 2546 2547 2548 2549
2550 2551 2552 2553 2554
2555 2994 2995 2996 2997
2998 2999 3000 3001 3002
3003 3004 3005 3006 3007
3008 3009 3010 3011 3012
3013 3014 3015 3016 3017
3018 3019 3020 3021 3022
3023 3024 3025 3026 3027
3028 3029 3030 3031 3032
3033 3034 3035 3036 3037
3038 3039 3040 3041 3042
3043 3044 3045 3046 3047
3048 3049 3050 3051 3052
3053 3054 3055 3056 3057
3058 3059 3060 3061 3062
3063 3064 3065 3066
