1826 1827 1828 1829 1830
1831 1832 1833 1834 1835
1836 1837 1838 1839 1840
1841 1842 1843 1844 1845
1846 1847 1848 1849 1850
1851 1852 1853 1854 1855
1856 1857 1858 1859 1860
1861 1862 1863 1864 1865
1866 1867 1868 1869 1870
1871 1872 1873 1874 1875
1876 1877 1878 1879 1880
1881 1882 1883 1884 1885
1886 1887 1888 1889 1890
1891 1892 1893 1894 1895
1896 1897 1898 2410 2411
2412 2413 2414 2415 2416
2417 2418 2419 2420 2421
2422 2423 2424 2425 2426
2427 2428 2429 2430 2431
2432 2433 2434 2435 2436
2437 2438 2439 2440 2441
2442 2443 2444 2445 2446
2447 2448 2449 2450 2451
2452 2453 2454 2455 2456
2457 2458 2459 2460 2461
2462 2463 2464 2465 2466
2467 2468 2469 2470 2471
2472 2473 2474 2475 2476
2477 2478 2479 2480 2481
2482 2994 2995 2996 2997
2998 2999 3000 3001 3002
3003 3004 3005 3006 3007
3008 3009 3010 3011 3012
3013 3014 3015 3016 3017
3018 3019 3020 3021 3022
3023 3024 3025 3026 3027
3028 3029 3030 3031 3032
3033 3034 3035 3036 3037
3038 3039 3040 3041 3042
3043 3044 3045 3046 3047
3048 3049 3050 3051 3052
3053 3054 3055 3056 3057
3058 3059 3060 3061 3062
3063 3064 3065 3066
