1 2 3 4 5
6 7 8 9 10
11 12 13 14 15
16 17 18 19 20
21 22 23 24 25
26 27 28 29 30
31 32 33 34 35
36 37 38 39 40
41 42 43 44 45
46 47 48 49 50
51 52 53 54 55
56 57 58 59 60
61 62 63 64 65
66 67 68 69 70
71 72 73 2994 2995
2996 2997 2998 2999 3000
3001 3002 3003 3004 3005
3006 3007 3008 3009 3010
3011 3012 3013 3014 3015
3016 3017 3018 3019 3020
3021 3022 3023 3024 3025
3026 3027 3028 3029 3030
3031 3032 3033 3034 3035
3036 3037 3038 3039 3040
3041 3042 3043 3044 3045
3046 3047 3048 3049 3050
3051 3052 3053 3054 3055
3056 3057 3058 3059 3060
3061 3062 3063 3064 3065
3066
