13 22 61 65 70
80 122 128 132 151
168 182 202 233 264
274 277 278 304 333
334 337 343 373 400
423 450 456 462 468
476 481 491 498 506
530 582 593 610 668
686 690 701 702 712
715 720 726 742 746
768 790 804 813 821
837 851 856 866 891
933 940 950 965 1002
1009 1025 1057 1065 1082
1167 1195 1211 1215 1232
1235 1239 1327 1340 1343
1357 1360 1366 1406 1407
1433 1449 1467 1500 1514
1526 1529 1530 1537 1557
1558 1563 1566 1608 1625
1636 1637 1642 1799 1816
1818 1822 1834 1839 1841
1846 1858 1873 1885 1889
1898 1917 1918 1919 1922
1961 1968 1982 1995 2046
2048 2049 2071 2124 2125
2167 2168 2171 2182 2198
2205 2209 2225 2228 2229
2270 2271 2324 2343 2383
2429 2435 2459 2470 2484
2489 2504 2550 2573 2605
2654 2659 2663 2665 2668
2670 2687 2737 2755 2765
2772 2782 2788 2805 2807
2810 2826 2839 2851 2854
2855 2860 2878 2897 2898
2955 2966 3009 3018 3034
3068 3072 3073 3075 3104
3121 3125 3155 3181 3195
3198 3220 3229 3230 3249
3257 3286 3288 3315 3322
3336 3347 3362 3371 3381
3387 3389 3395 3434 3448
3458 3485 3486 3522 3525
3533 3535 3544 3559 3565
3594 3606 3621 3636 3645
