731 732 733 734 735
736 737 738 739 740
741 742 743 744 745
746 747 748 749 750
751 752 753 754 755
756 757 758 759 760
761 762 763 764 765
766 767 768 769 770
771 772 773 774 775
776 777 778 779 780
781 782 783 784 785
786 787 788 789 790
791 792 793 794 795
796 797 798 799 800
801 802 803 1169 1170
1171 1172 1173 1174 1175
1176 1177 1178 1179 1180
1181 1182 1183 1184 1185
1186 1187 1188 1189 1190
1191 1192 1193 1194 1195
1196 1197 1198 1199 1200
1201 1202 1203 1204 1205
1206 1207 1208 1209 1210
1211 1212 1213 1214 1215
1216 1217 1218 1219 1220
1221 1222 1223 1224 1225
1226 1227 1228 1229 1230
1231 1232 1233 1234 1235
1236 1237 1238 1239 1240
1241
