136 137 138 139 140
370 443 573 574 600
601 602 781 792 793
794 795 796 797 885
886 927 948 949 950
1158 1159 1160 1161 1162
1163 1164 1205 1206 1221
1222 1288 1289 1290 1291
1292 1293 1294 1295 1296
1297 1298 1378 1379 1380
1385 1391 1392 1538 1539
1724 1728 1735 1736 1737
1738 1739 1798 1799 1800
1837 1838 1839 1840 1842
1844 1845 1846 1847 1848
2206 2207 2208 2209 2210
2211 2212 2213 2214 2215
2216 2217 2218 2219 2220
2221 2222 2223 2224 2225
2226 2227 2228 2229 2230
2231 2232 2233 2234 2235
2236 2237 2238 2245 2246
2678 2679 2768 2922 2951
2952 2953 2954 3562 3629
