10 14 40 62 63
425 427 433 434 435
436 437 438 453 454
455 461 462 463 464
465 466 467 489 490
491 492 493 494 495
496 497 498 499 500
501 502 503 504 505
506 507 508 509 510
511 512 520 521 522
523 524 525 526 527
528 531 532 533 534
535 536 537 538 539
540 541 542 543 544
545 546 547 548 549
550 551 552 553 554
555 556 557 558 559
560 561 562 563 564
565 566 567 568 569
585 586 587 600 601
662 663 1798 1881 1882
1883 1896 1897 1898 1973
2222 2223 2224 2315 2316
2327 2328 2329 2330 2331
2332 2334 2335 2336 2337
2338 2339 2340 2341 2342
2354 2355 2356 2360 2361
2508 2509 2510 2511 2512
2513 2514 3174 3243 3244
3245 3254 3632
