2 6 8 13 23
36 85 111 143 147
178 181 206 224 227
237 241 242 254 256
262 277 285 309 337
373 374 377 393 429
431 443 450 466 479
499 509 518 542 569
574 601 603 620 628
642 644 647 671 689
727 749 768 777 781
799 805 818 819 821
845 846 854 857 874
881 918 930 938 970
1025 1026 1029 1039 1043
1045 1046 1047 1055 1077
1086 1090 1094 1158 1192
1232 1261 1333 1335 1359
1399 1419 1522 1539 1543
1552 1587 1596 1603 1609
1626 1630 1655 1676 1679
1693 1695 1758 1787 1803
1808 1813 1817 1818 1819
1822 1836 1854 1890 1915
1916 1918 1921 1928 1941
1955 1957 1958 1973 1976
1977 1983 2000 2038 2060
2066 2071 2082 2092 2105
2115 2137 2153 2203 2215
2218 2219 2224 2260 2271
2288 2292 2301 2329 2345
2348 2350 2353 2368 2373
2395 2398 2402 2411 2427
2430 2432 2436 2454 2465
2490 2493 2502 2509 2571
2573 2604 2647 2651 2652
2682 2685 2706 2728 2813
2815 2821 2832 2835 2839
2849 2880 2887 2893 2894
2895 2968 2990 2993 3006
3013 3030 3043 3065 3072
3087 3089 3092 3146 3154
3219 3229 3248 3264 3284
3289 3300 3304 3313 3315
3337 3347 3360 3366 3369
3410 3414 3431 3432 3438
3443 3460 3465 3473 3486
3491 3493 3499 3508 3510
3525 3531 3535 3539 3550
3568 3594 3600 3612 3613
3614 3634 3638
