58 65 89 156 303
346 388 420 446 450
451 452 458 459 470
477 478 479 488 489
515 517 518 519 529
532 533 534 535 539
540 541 542 543 545
552 556 557 558 559
560 561 562 563 564
565 566 568 569 582
583 584 585 586 587
588 589 590 591 596
597 598 602 603 604
605 606 607 624 632
633 644 649 655 658
659 660 765 766 791
793 837 840 845 855
856 878 879 896 923
958 967 974 991 994
999 1001 1005 1006 1008
1018 1020 1029 1030 1056
1065 1082 1083 1084 1096
1097 1117 1126 1137 1162
1175 1176 1181 1188 1189
1203 1206 1207 1220 1221
1234 1354 1505 1560 1563
1569 1571 1572 1573 1574
1580 1606 1742 1883 2171
2447 2535 2539 2561 2566
2675 2686 2710 3242
