13 40 41 62 63
428 429 430 431 432
433 438 439 440 441
442 443 444 445 446
447 456 457 458 459
460 461 462 463 464
465 466 467 468 469
470 471 472 473 474
475 476 477 478 479
480 481 482 483 484
485 486 487 488 489
490 491 492 493 494
495 496 497 498 499
500 501 502 503 504
505 506 507 508 509
510 511 512 513 514
515 516 517 518 519
520 521 522 523 524
525 526 527 528 529
530 531 532 533 534
535 536 537 538 539
540 541 542 543 544
545 546 547 548 549
550 551 552 553 554
555 556 557 558 559
560 561 562 563 564
565 566 567 568 569
570 571 572 573 574
575 576 577 578 579
580 581 582 583 584
585 586 587 588 589
590 591 592 593 594
595 596 597 598 599
600 601 602 603 604
605 606 607 608 609
610 611 612 613 614
615 616 617 618 619
620 621 622 623 624
625 626 627 628 629
630 631 632 633 634
635 636 637 638 639
640 641 642 643 644
645 646 647 648 649
650 651 652 653 654
655 656 657 658 659
660 661 662 663 664
665 666 667 668 669
670 671 672 673 674
675 677 681 682 683
684 685 686 687 688
689 690 691 692 693
694 695 696 697 698
699 700 701 702 703
704 705 706 707 708
709 710 711 712 713
714 715 716 717 718
719 721 722 723 724
725 726 727 728 729
730 731 732 733 734
735 736 737 738 739
740 741 742 743 744
745 746 747 748 749
750 751 752 753 754
755 757 758 759 760
761 764 765 766 767
768 769 770 771 772
773 774 775 776 777
778 779 780 781 782
783 784 785 786 787
788 789 790 791 792
793 794 795 796 797
798 799 800 801 802
803 804 805 806 807
808 809 810 811 812
813 814 815 816 817
818 819 820 821 822
823 824 825 826 827
828 829 830 831 832
833 834 835 836 837
838 839 840 841 842
843 844 845 846 847
849 850 851 852 853
854 855 856 857 858
859 860 861 862 863
864 865 866 867 868
869 870 871 872 873
874 875 876 877 878
879 880 881 882 883
884 885 886 887 888
889 890 891 892 893
894 895 896 897 898
899 900 901 902 903
904 905 923 924 925
926 927 954 955 962
963 964 965 966 967
968 969 974 975 983
984 985 986 987 988
989 990 991 992 993
994 995 996 997 998
999 1000 1001 1002 1003
1004 1005 1006 1007 1008
1009 1010 1011 1012 1013
1014 1015 1016 1017 1018
1019 1020 1021 1022 1023
1024 1025 1026 1027 1028
1029 1030 1031 1032 1033
1034 1053 1054 1055 1056
1057 1058 1059 1060 1061
1062 1063 1064 1065 1066
1067 1068 1069 1070 1075
1076 1077 1078 1086 1087
1088 1096 1097 1098 1099
1100 1104 1105 1106 1107
1108 1109 1118 1119 1120
1121 1122 1123 1124 1125
1126 1127 1128 1129 1130
1131 1132 1133 1134 1135
1136 1137 1138 1141 1142
1143 1144 1145 1146 1147
1148 1149 1153 1154 1155
1156 1157 1158 1159 1160
1161 1162 1163 1164 1165
1166 1167 1168 1169 1170
1171 1172 1173 1174 1175
1176 1177 1178 1179 1180
1181 1182 1183 1185 1186
1187 1188 1189 1190 1191
1192 1193 1194 1195 1196
1197 1198 1199 1200 1201
1202 1203 1204 1205 1206
1207 1208 1209 1210 1215
1216 1217 1218 1219 1220
1221 1227 1228 1229 1233
1234 1235 1236 1237 1238
1239 1240 1241 1242 1243
1244 1245 1246 1247 1248
1249 1250 1251 1252 1253
1254 1255 1256 1257 1258
1259 1260 1332 1344 1345
1346 1355 1360 1361 1365
1366 1367 1368 1369 1370
1371 1372 1373 1379 1380
1381 1382 1386 1387 1388
1389 1390 1391 1412 1413
1415 1416 1417 1422 1423
1424 1441 1442 1443 1444
1445 1446 1447 1466 1467
1468 1488 1489 1490 1491
1501 1502 1504 1505 1506
1507 1508 1509 1510 1526
1527 1528 1529 1530 1536
1537 1543 1544 1545 1546
1547 1548 1549 1550 1551
1552 1553 1554 1555 1556
1557 1558 1559 1560 1561
1562 1563 1564 1565 1566
1567 1568 1569 1570 1571
1572 1573 1574 1575 1576
1577 1578 1579 1580 1581
1582 1583 1584 1585 1586
1587 1588 1589 1590 1591
1592 1599 1600 1601 1602
1603 1604 1605 1606 1607
1608 1609 1610 1611 1618
1619 1620 1626 1627 1628
1629 1636 1637 1638 1639
1642 1799 1800 1801 1802
1823 1824 1825 1833 1834
1835 1836 1837 1838 1840
1841 1842 1843 1844 1845
1846 1847 1848 1849 1850
1851 1852 1853 1857 1858
1859 1860 1861 1862 1863
1864 1865 1866 1876 1877
1878 1879 1880 1881 1882
1883 1894 1895 1896 1897
1898 1899 1900 1901 1902
1906 1907 1908 1909 1910
1911 1912 1913 1914 1915
1916 1917 1918 1919 1920
1921 1922 1923 1924 1925
1926 1927 1928 1929 1930
1931 1932 1933 1934 1935
1936 1939 1940 1941 1942
1943 1944 1950 1951 1952
1953 1954 1955 1956 1957
1958 1959 1960 1961 1962
1963 1964 1996 1997 2001
2002 2003 2004 2009 2010
2011 2012 2013 2014 2015
2016 2017 2018 2019 2020
2021 2022 2023 2024 2025
2026 2027 2028 2029 2030
2062 2063 2091 2092 2093
2094 2095 2096 2097 2098
2099 2109 2110 2111 2112
2113 2114 2172 2173 2191
2224 2225 2228 2241 2242
2243 2244 2245 2246 2247
2255 2256 2257 2264 2265
2266 2267 2268 2269 2270
2271 2272 2273 2291 2292
2293 2294 2295 2296 2297
2298 2299 2300 2304 2305
2306 2307 2308 2319 2320
2336 2337 2338 2339 2340
2345 2346 2347 2357 2358
2359 2360 2361 2370 2371
2372 2373 2374 2378 2379
2380 2381 2382 2383 2386
2412 2413 2414 2415 2416
2417 2418 2419 2420 2421
2422 2423 2424 2452 2453
2454 2455 2456 2457 2458
2459 2460 2461 2462 2463
2464 2474 2482 2483 2484
2485 2486 2487 2488 2495
2496 2497 2506 2507 2508
2509 2510 2511 2514 2537
2538 2539 2540 2565 2641
2642 2643 2690 2691 2692
2693 2694 2695 2696 2697
2698 2699 2700 2701 2702
2703 2704 2705 2706 2707
2708 2709 2710 2711 2712
2713 2714 2715 2716 2717
2718 2719 2720 2721 2722
2723 2724 2725 2726 2727
2728 2729 2730 2731 2732
2733 2734 2735 2736 2737
2738 2739 2740 2741 2742
2745 2746 2747 2748 2749
2750 2751 2752 2753 2754
2755 2756 2757 2758 2759
2760 2761 3033 3034 3035
3036 3037 3038 3039 3040
3046 3047 3048 3049 3050
3051 3053 3058 3059 3060
3061 3102 3103 3104 3105
3143 3144 3145 3174 3175
3176 3188 3189 3190 3246
3273 3274 3275 3276 3326
3327 3328 3329 3330 3331
3332 3333 3334 3335 3336
3372 3373 3374 3409 3410
3411 3412 3413 3414 3415
3416 3423 3424 3425 3426
3436 3484 3485 3486 3487
3488 3489 3490 3491 3492
3493 3511 3512 3513 3514
3515 3516 3517 3518 3519
3520 3521 3522 3523 3524
3525 3526 3527 3642 3643
3644 3645 3646 3647 3648
