585 586 587 588 589
590 591 592 593 594
595 596 597 598 599
600 601 602 603 604
605 606 607 608 609
610 611 612 613 614
615 616 617 618 619
620 621 622 623 624
625 626 627 628 629
630 631 632 633 634
635 636 637 638 639
640 641 642 643 644
645 646 647 648 649
650 651 652 653 654
655 656 657 658 659
660 661 662 663 664
665 666 667 668 669
670 671 672 673 674
675 676 677 678 679
680 681 682 683 684
685 686 687 688 689
690 691 692 693 694
695 696 697 698 699
700 701 702 703 704
705 706 707 708 709
710 711 712 713 714
715 716 717 718 719
720 721 722 723 724
725 726 727 728 729
730 2483 2484 2485 2486
2487 2488 2489 2490 2491
2492 2493 2494 2495 2496
2497 2498 2499 2500 2501
2502 2503 2504 2505 2506
2507 2508 2509 2510 2511
2512 2513 2514 2515 2516
2517 2518 2519 2520 2521
2522 2523 2524 2525 2526
2527 2528 2529 2530 2531
2532 2533 2534 2535 2536
2537 2538 2539 2540 2541
2542 2543 2544 2545 2546
2547 2548 2549 2550 2551
2552 2553 2554 2555
