1096 1097 1098 1099 1100
1101 1102 1103 1104 1105
1106 1107 1108 1109 1110
1111 1112 1113 1114 1115
1116 1117 1118 1119 1120
1121 1122 1123 1124 1125
1126 1127 1128 1129 1130
1131 1132 1133 1134 1135
1136 1137 1138 1139 1140
1141 1142 1143 1144 1145
1146 1147 1148 1149 1150
1151 1152 1153 1154 1155
1156 1157 1158 1159 1160
1161 1162 1163 1164 1165
1166 1167 1168 1972 1973
1974 1975 1976 1977 1978
1979 1980 1981 1982 1983
1984 1985 1986 1987 1988
1989 1990 1991 1992 1993
1994 1995 1996 1997 1998
1999 2000 2001 2002 2003
2004 2005 2006 2007 2008
2009 2010 2011 2012 2013
2014 2015 2016 2017 2018
2019 2020 2021 2022 2023
2024 2025 2026 2027 2028
2029 2030 2031 2032 2033
2034 2035 2036 2037 2038
2039 2040 2041 2042 2043
2044 2556 2557 2558 2559
2560 2561 2562 2563 2564
2565 2566 2567 2568 2569
2570 2571 2572 2573 2574
2575 2576 2577 2578 2579
2580 2581 2582 2583 2584
2585 2586 2587 2588 2589
2590 2591 2592 2593 2594
2595 2596 2597 2598 2599
2600 2601 2602 2603 2604
2605 2606 2607 2608 2609
2610 2611 2612 2613 2614
2615 2616 2617 2618 2619
2620 2621 2622 2623 2624
2625 2626 2627 2628 2629
2630 2631 2632 2633 2634
2635 2636 2637 2638 2639
2640 2641 2642 2643 2644
2645 2646 2647 2648 2649
2650 2651 2652 2653 2654
2655 2656 2657 2658 2659
2660 2661 2662 2663 2664
2665 2666 2667 2668 2669
2670 2671 2672 2673 2674
2675 2676 2677 2678 2679
2680 2681 2682 2683 2684
2685 2686 2687 2688 2689
2690 2691 2692 2693 2694
2695 2696 2697 2698 2699
2700 2701 3359 3360 3361
3362 3363 3364 3365 3366
3367 3368 3369 3370 3371
3372 3373 3374 3375 3376
3377 3378 3379 3380 3381
3382 3383 3384 3385 3386
3387 3388 3389 3390 3391
3392 3393 3394 3395 3396
3397 3398 3399 3400 3401
3402 3403 3404 3405 3406
3407 3408 3409 3410 3411
3412 3413 3414 3415 3416
3417 3418 3419 3420 3421
3422 3423 3424 3425 3426
3427 3428 3429 3430 3431
3432 3433 3434 3435 3436
3437 3438 3439 3440 3441
3442 3443 3444 3445 3446
3447 3448 3449 3450 3451
3452 3453 3454 3455 3456
3457 3458 3459 3460 3461
3462 3463 3464 3465 3466
3467 3468 3469 3470 3471
3472 3473 3474 3475 3476
3477 3478 3479 3480 3481
3482 3483 3484 3485 3486
3487 3488 3489 3490 3491
3492 3493 3494 3495 3496
3497 3498 3499 3500 3501
3502 3503 3504 3505 3506
3507 3508 3509 3510 3511
3512 3513 3514 3515 3516
3517 3518 3519 3520 3521
3522 3523 3524 3525 3526
3527 3528 3529 3530 3531
3532 3533 3534 3535 3536
3537 3538 3539 3540 3541
3542 3543 3544 3545 3546
3547 3548 3549 3550 3551
3552 3553 3554 3555 3556
3557 3558 3559 3560 3561
3562 3563 3564 3565 3566
3567 3568 3569 3570 3571
3572 3573 3574 3575 3576
