8 15 17 18 23
44 79 86 122 128
132 178 188 195 248
264 274 277 278 290
355 371 389 395 418
440 448 450 455 469
478 479 506 508 525
541 599 602 612 614
639 641 681 684 713
715 723 730 753 778
784 813 862 896 907
919 923 935 950 980
990 994 1001 1008 1016
1050 1068 1076 1105 1119
1121 1128 1140 1147 1167
1174 1204 1209 1265 1279
1285 1295 1305 1308 1326
1331 1366 1374 1407 1410
1458 1485 1530 1537 1557
1558 1563 1566 1586 1596
1600 1611 1623 1624 1631
1632 1662 1732 1799 1816
1818 1822 1834 1839 1841
1846 1858 1873 1885 1889
1898 1917 1918 1919 1922
1985 1988 2028 2051 2060
2065 2081 2090 2096 2106
2120 2130 2136 2260 2280
2324 2331 2360 2373 2411
2432 2452 2465 2481 2492
2498 2536 2567 2573 2605
2654 2659 2663 2665 2668
2670 2687 2737 2765 2772
2782 2788 2792 2805 2807
2810 2826 2839 2851 2854
2855 2860 2878 2893 2897
2898 2966 2979 2996 3044
3050 3065 3068 3074 3077
3078 3082 3087 3090 3094
3098 3099 3173 3207 3214
3245 3248 3251 3255 3262
3283 3288 3305 3314 3335
3346 3408 3410 3411 3429
3431 3439 3455 3469 3479
3491 3510 3576 3589 3592
3595 3605 3622 3624 3625
3632 3648
