2337 2338 2339 2340 2341
2342 2343 2344 2345 2346
2347 2348 2349 2350 2351
2352 2353 2354 2355 2356
2357 2358 2359 2360 2361
2362 2363 2364 2365 2366
2367 2368 2369 2370 2371
2372 2373 2374 2375 2376
2377 2378 2379 2380 2381
2382 2383 2384 2385 2386
2387 2388 2389 2390 2391
2392 2393 2394 2395 2396
2397 2398 2399 2400 2401
2402 2403 2404 2405 2406
2407 2408 2409 2556 2557
2558 2559 2560 2561 2562
2563 2564 2565 2566 2567
2568 2569 2570 2571 2572
2573 2574 2575 2576 2577
2578 2579 2580 2581 2582
2583 2584 2585 2586 2587
2588 2589 2590 2591 2592
2593 2594 2595 2596 2597
2598 2599 2600 2601 2602
2603 2604 2605 2606 2607
2608 2609 2610 2611 2612
2613 2614 2615 2616 2617
2618 2619 2620 2621 2622
2623 2624 2625 2626 2627
2628
