1 2 3 4 5
6 7 8 9 10
11 12 13 14 15
16 17 18 19 20
21 22 23 24 25
26 27 28 29 30
31 32 33 34 35
36 37 38 39 40
41 42 43 44 45
46 47 48 49 50
51 52 53 54 55
56 57 58 59 60
61 62 63 64 65
66 67 68 69 70
71 72 73 1169 1170
1171 1172 1173 1174 1175
1176 1177 1178 1179 1180
1181 1182 1183 1184 1185
1186 1187 1188 1189 1190
1191 1192 1193 1194 1195
1196 1197 1198 1199 1200
1201 1202 1203 1204 1205
1206 1207 1208 1209 1210
1211 1212 1213 1214 1215
1216 1217 1218 1219 1220
1221 1222 1223 1224 1225
1226 1227 1228 1229 1230
1231 1232 1233 1234 1235
1236 1237 1238 1239 1240
1241
