444 445 471 472 473
474 475 476 477 484
485 486 514 515 516
517 518 529 530 568
571 572 573 574 575
576 577 578 579 592
593 610 611 612 613
614 621 622 635 636
637 638 639 640 641
642 650 651 652 653
717 789 847 848 849
850 861 862 864 865
866 867 868 869 870
871 872 873 874 875
876 877 890 912 913
925 931 932 933 934
935 936 937 938 939
940 941 942 943 944
945 946 947 948 949
951 958 959 960 961
962 963 964 965 966
967 970 971 972 973
974 975 984 985 986
987 988 989 992 993
994 995 996 997 998
999 1000 1001 1002 1005
1026 1027 1028 1029 1030
1031 1032 1063 1064 1065
1066 1067 1099 1100 1101
1102 1103 1104 1105 1128
1129 1130 1148 1149 1150
1151 1152 1153 1154 1155
1161 1162 1163 1164 1165
1166 1167 1168 1169 1170
1181 1182 1183 1184 1185
1186 1187 1188 1189 1196
1197 1199 1200 1201 1202
1203 1204 1205 1206 1207
1208 1217 1238 1239 1240
1241 1246 1247 1248 1249
1250 1251 1252 1253 1254
1255 1256 1257 1344 1345
1346 1347 1348 1349 1350
1351 1352 1353 1354 1355
1360 1368 1369 1370 1371
1372 1373 1380 1381 1382
1383 1384 1385 1386 1387
1388 1389 1390 1414 1415
1416 1423 1424 1442 1443
1444 1445 1446 1451 1452
1453 1454 1455 1459 1460
1464 1465 1472 1473 1474
1476 1477 1478 1479 1480
1489 1490 1526 1527 1528
1553 1554 1555 1556 1557
1558 1559 1560 1561 1562
1563 1564 1565 1566 1567
1568 1569 1570 1571 1572
1573 1574 1575 1576 1577
1578 1579 1580 1581 1582
1583 1584 1585 1586 1587
1588 1589 1590 1591 1592
1593 1594 1595 1596 1597
1598 1599 1600 1601 1602
1603 1604 1605 1606 1607
1608 1609 1610 1611 1612
1613 1614 1615 1616 1617
1618 1619 1620 1621 1626
1627 1628 1629 1636 1637
1638 1639 1640 1641 1642
1654 1655 1656 1657 1658
1659 1660 1661 1662 1663
1664 1665 1666 1667 1668
1669 1670 1671 1672 1673
1674 1675 1676 1677 1678
1679 1680 1681 1682 1683
1684 1685 1686 1687 1688
1689 1690 1691 1692 1693
1694 1695 1696 1697 1698
1699 1700 1701 1702 1703
1704 1705 1706 1707 1708
1709 1710 1711 1712 1713
1714 1715 1716 1717 1718
1719 1720 1721 1722 1723
1724 1725 1726 1727 1728
1729 1730 1731 1732 1733
1734 1735 1736 1737 1738
1739 1740 1741 1742 1743
1744 1745 1746 1747 1748
1749 1750 1751 1752 1753
1754 1755 1756 1757 1758
1759 1760 1761 1762 1763
1764 1765 1766 1767 1768
1769 1770 1771 1772 1773
1774 1775 1776 1777 1778
1779 1780 1781 1782 1783
1784 1785 1786 1787 1788
1789 1790 1791 1792 1793
1794 1795 1796 1797 1798
1799 1800 1801 1803 1804
1805 1806 1807 1808 1809
1810 1811 1812 1813 1814
1815 1816 1817 1818 1823
1824 1825 1835 1836 1837
1838 1839 1840 1841 1842
1843 1850 1851 1852 1853
1859 1860 1861 1862 1863
1864 1879 1880 1881 1882
1883 1884 1885 1886 1887
1888 1889 1890 1891 1892
1893 1894 1895 1896 1897
1898 1907 1908 1917 1918
1919 1920 1924 1925 1926
1927 1928 1929 1930 1931
1932 1933 1934 1955 1956
1957 1958 1959 1960 1961
1971 1972 1973 1974 1975
1976 1977 1978 1979 1980
1981 1982 1983 1996 1997
1998 1999 2000 2002 2003
2004 2005 2006 2007 2008
2009 2010 2017 2018 2019
2020 2021 2022 2023 2024
2025 2026 2027 2054 2055
2056 2099 2100 2101 2102
2103 2113 2126 2127 2128
2129 2137 2138 2139 2140
2141 2142 2143 2144 2145
2146 2147 2148 2149 2150
2174 2175 2176 2177 2178
2179 2243 2244 2245 2246
2268 2269 2283 2284 2285
2286 2287 2288 2289 2290
2296 2297 2375 2376 2377
2384 2393 2394 2395 2396
2397 2456 2457 2579 2580
2581 2582 2583 2584 2585
2586 2587 2588 2589 2590
2591 2592 2593 2594 2595
2596 2597 2598 2600 2601
2602 2603 2604 2605 2606
2607 2608 2609 2610 2611
2612 2613 2614 2615 2616
2617 2618 2619 2620 2621
2622 2623 2624 2625 2626
2627 2628 2629 2630 2631
2632 2633 2634 2645 2646
2647 2648 2649 2673 2674
2675 2696 2697 2698 2699
2700 2701 2702 2703 2704
2705 2706 2707 2715 2716
2717 2718 2719 2720 2721
2722 2723 2737 2738 2739
2740 2741 2742 2743 2744
2745 2817 2818 2819 2820
2821 2822 2823 2824 2825
2826 2827 2828 2829 2830
2831 2832 2833 2834 2835
2836 2837 2838 2839 2840
2841 2842 2843 2844 2845
2846 2847 2848 2849 2850
2851 2852 2853 2854 2855
2856 2857 2858 2859 2860
2861 2862 2863 2864 2865
2866 2867 2868 2869 2870
2871 2872 2873 2874 2875
2876 2877 2878 2879 2880
2881 2882 2883 2884 2885
2886 2887 2888 2889 2890
2891 2892 2893 2894 2895
2896 2897 2898 2899 2900
2901 2902 2903 2904 2905
2906 2907 2908 2909 2910
2911 2912 2913 2914 2915
2916 2917 2918 2919 2920
2921 2922 2923 2924 2925
2926 2927 2928 2929 2930
2931 2932 2933 2934 2935
2936 2937 2938 2942 2943
2944 2950 2951 2952 3071
3072 3073 3074 3077 3078
3079 3080 3081 3210 3455
3456 3457 3458 3459 3460
3499 3522 3523
