147 148 149 150 151
152 153 154 155 156
157 158 159 160 161
162 163 164 165 166
167 168 169 170 171
172 173 174 175 176
177 178 179 180 181
182 183 184 185 186
187 188 189 190 191
192 193 194 195 196
197 198 199 200 201
202 203 204 205 206
207 208 209 210 211
212 213 214 215 216
217 218 219 1169 1170
1171 1172 1173 1174 1175
1176 1177 1178 1179 1180
1181 1182 1183 1184 1185
1186 1187 1188 1189 1190
1191 1192 1193 1194 1195
1196 1197 1198 1199 1200
1201 1202 1203 1204 1205
1206 1207 1208 1209 1210
1211 1212 1213 1214 1215
1216 1217 1218 1219 1220
1221 1222 1223 1224 1225
1226 1227 1228 1229 1230
1231 1232 1233 1234 1235
1236 1237 1238 1239 1240
1241 1972 1973 1974 1975
1976 1977 1978 1979 1980
1981 1982 1983 1984 1985
1986 1987 1988 1989 1990
1991 1992 1993 1994 1995
1996 1997 1998 1999 2000
2001 2002 2003 2004 2005
2006 2007 2008 2009 2010
2011 2012 2013 2014 2015
2016 2017 2018 2019 2020
2021 2022 2023 2024 2025
2026 2027 2028 2029 2030
2031 2032 2033 2034 2035
2036 2037 2038 2039 2040
2041 2042 2043 2044 2556
2557 2558 2559 2560 2561
2562 2563 2564 2565 2566
2567 2568 2569 2570 2571
2572 2573 2574 2575 2576
2577 2578 2579 2580 2581
2582 2583 2584 2585 2586
2587 2588 2589 2590 2591
2592 2593 2594 2595 2596
2597 2598 2599 2600 2601
2602 2603 2604 2605 2606
2607 2608 2609 2610 2611
2612 2613 2614 2615 2616
2617 2618 2619 2620 2621
2622 2623 2624 2625 2626
2627 2628
