1 2 3 4 5
6 7 8 9 10
13 14 15 16 17
18 19 20 21 22
23 24 25 26 27
28 29 30 31 32
33 34 35 36 37
38 39 40 41 42
43 44 45 46 47
48 49 50 51 52
53 54 55 56 57
58 59 60 61 62
63 64 65 66 67
68 69 70 71 72
73 74 75 76 77
78 79 80 81 82
83 84 85 86 87
88 89 90 91 92
93 94 95 96 97
98 99 100 101 102
103 104 105 106 107
108 109 110 111 112
113 114 115 116 117
118 119 120 121 122
123 124 125 126 127
128 129 130 131 132
133 134 135 136 137
138 139 140 141 142
143 144 145 146 147
148 149 152 153 154
155 156 157 158 159
160 161 162 163 164
165 166 167 168 169
170 171 172 173 174
175 176 177 178 179
180 181 182 183 184
185 186 187 188 189
190 191 192 193 194
195 196 197 198 199
200 201 202 203 204
205 206 207 208 209
210 211 212 213 214
215 216 217 218 219
220 221 222 223 224
225 226 227 228 229
237 238 239 240 241
242 243 244 245 246
247 248 249 250 251
252 255 256 257 258
259 260 261 262 263
264 265 266 267 268
269 270 271 272 273
274 275 276 277 278
279 280 281 282 283
284 285 286 287 288
289 290 291 292 293
294 295 296 297 298
299 300 301 302 303
304 305 306 307 308
309 310 311 312 313
314 315 316 317 318
319 320 321 322 323
324 325 326 327 328
329 330 331 332 333
334 335 336 337 338
339 340 341 342 343
344 345 346 347 348
349 350 351 352 355
356 357 358 359 360
361 362 363 364 365
366 367 368 369 370
371 372 373 374 375
376 377 378 379 395
396 397 398 399 400
401 402 403 408 409
410 411 443 444 445
446 458 459 470 471
472 473 474 475 476
477 478 479 483 484
485 486 487 488 513
514 515 516 517 518
519 520 521 522 527
528 529 530 531 552
553 554 555 556 557
558 566 567 568 569
570 571 572 573 574
575 576 577 578 579
580 581 582 583 584
585 586 588 589 590
591 592 593 594 595
596 597 606 607 608
609 610 611 612 613
614 615 616 617 618
619 620 621 622 623
624 625 626 627 628
629 630 631 632 633
634 635 636 637 638
639 640 641 642 643
644 645 646 647 648
649 650 651 652 653
654 655 656 657 658
659 660 661 671 672
684 685 686 687 688
689 690 691 697 698
699 700 701 702 703
704 705 706 707 708
709 710 711 712 713
714 715 716 717 718
719 720 721 722 723
724 725 726 727 728
729 730 731 732 733
734 735 737 738 739
740 741 742 743 744
745 746 747 748 749
750 751 752 753 754
757 758 765 766 767
768 769 770 771 772
775 776 777 778 779
780 781 782 783 784
785 786 787 788 789
790 791 792 793 794
795 796 797 798 799
800 801 802 803 804
805 806 807 808 809
810 811 812 813 814
815 816 817 818 819
820 821 822 823 824
825 826 827 828 829
830 831 832 833 834
835 836 837 838 839
840 841 842 843 844
845 846 847 848 849
850 851 852 853 854
855 856 857 858 859
860 861 862 863 864
865 866 867 868 869
870 871 872 873 874
875 876 877 878 879
880 881 882 883 884
885 886 887 888 889
890 891 892 893 894
895 896 897 898 899
900 901 902 903 904
905 906 907 908 909
910 922 923 924 925
926 927 928 950 951
952 953 954 955 956
957 958 959 960 961
962 963 964 965 966
967 968 969 970 971
972 973 974 975 976
977 978 979 980 981
982 983 984 985 986
987 988 989 990 991
992 993 994 995 996
997 998 999 1000 1001
1002 1003 1004 1005 1006
1007 1008 1009 1010 1011
1012 1013 1014 1015 1016
1017 1018 1019 1020 1021
1022 1023 1024 1025 1026
1027 1028 1029 1030 1031
1032 1033 1034 1035 1036
1037 1038 1039 1040 1041
1042 1043 1044 1045 1046
1047 1048 1049 1050 1051
1052 1053 1054 1055 1056
1057 1058 1059 1060 1061
1062 1063 1064 1065 1066
1067 1068 1069 1070 1071
1072 1073 1074 1075 1076
1077 1078 1086 1087 1088
1089 1093 1094 1095 1096
1097 1098 1105 1106 1107
1108 1109 1110 1116 1117
1118 1119 1120 1121 1122
1123 1124 1125 1126 1127
1128 1129 1130 1131 1132
1133 1134 1135 1136 1137
1138 1139 1140 1141 1142
1143 1144 1145 1146 1147
1148 1154 1155 1156 1157
1158 1159 1160 1161 1162
1163 1164 1165 1167 1168
1169 1170 1171 1172 1173
1174 1175 1176 1177 1178
1179 1180 1181 1186 1187
1188 1189 1190 1191 1192
1193 1194 1195 1196 1197
1198 1199 1200 1201 1202
1203 1204 1205 1206 1207
1208 1209 1210 1211 1212
1213 1214 1215 1216 1217
1218 1219 1220 1221 1222
1223 1224 1225 1226 1227
1228 1229 1230 1231 1232
1233 1234 1235 1236 1237
1238 1239 1240 1241 1242
1243 1244 1245 1246 1247
1248 1249 1250 1251 1252
1253 1254 1255 1256 1257
1258 1259 1260 1261 1262
1405 1406 1467 1468 1487
1488 1489 1490 1491 1492
1493 1494 1495 1496 1507
1508 1509 1510 1511 1520
1521 1522 1523 1524 1525
1526 1527 1528 1529 1530
1531 1532 1533 1534 1535
1536 1537 1538 1539 1540
1541 1542 1543 1544 1545
1546 1547 1548 1549 1550
1551 1552 1553 1554 1555
1556 1557 1558 1559 1560
1561 1562 1563 1564 1565
1566 1567 1568 1569 1570
1571 1572 1573 1574 1575
1576 1577 1578 1579 1580
1581 1582 1583 1584 1585
1586 1587 1588 1589 1590
1591 1592 1593 1598 1599
1600 1601 1602 1603 1604
1605 1606 1607 1608 1609
1610 1611 1612 1642 1643
1646 1647 1720 1721 1722
1723 1724 1725 1726 1742
1743 1744 1745 2032 2033
2034 2035 2036 2037 2038
2039 2040 2041 2042 2043
2044 2045 2046 2047 2048
2049 2050 2051 2052 2053
2054 2055 2056 2057 2058
2059 2060 2061 2066 2067
2068 2069 2070 2071 2072
2073 2074 2075 2076 2077
2078 2079 2080 2081 2082
2083 2084 2085 2086 2087
2088 2089 2196 2197 2198
2204 2205 2206 2211 2212
2213 2214 2215 2216 2217
2218 2219 2220 2221 2233
2234 2235 2236 2252 2253
2254 2255 2256 2257 2258
2259 2260 2261 2262 2263
2264 2265 2276 2277 2300
2301 2302 2303 2304 2305
2306 2307 2308 2309 2310
2316 2317 2318 2319 2320
2321 2322 2323 2324 2325
2326 2342 2343 2344 2345
2346 2347 2348 2363 2364
2365 2366 2367 2368 2369
2370 2371 2372 2373 2380
2381 2382 2400 2401 2402
2403 2414 2415 2416 2417
2418 2419 2420 2421 2422
2428 2429 2430 2431 2432
2433 2434 2435 2436 2437
2438 2439 2440 2441 2442
2443 2448 2449 2450 2451
2452 2453 2461 2462 2463
2464 2465 2466 2467 2468
2469 2470 2471 2472 2473
2474 2479 2480 2481 2482
2487 2488 2489 2490 2491
2492 2493 2494 2495 2496
2497 2498 2499 2500 2501
2502 2503 2520 2525 2526
2527 2547 2548 2661 2662
2663 2664 2665 2666 2667
2668 2669 2670 2671 2672
2673 2674 2675 2676 2677
2678 2679 2680 2681 2682
2683 2684 2685 2686 2687
2688 2689 2690 2691 2692
2693 2694 2695 2696 2708
2709 2710 2711 2712 2713
2714 2723 2724 2725 2726
2727 2728 2729 2730 2731
2732 2733 2734 2735 2736
2746 2747 2748 2749 2750
2751 2752 2753 2754 2755
2756 2757 2758 2759 2760
2761 2762 2763 2764 2765
2766 2767 2768 2769 2770
2771 2772 2773 2774 2775
2776 2777 2778 2779 2780
2781 2782 2783 2784 2785
2786 2787 2788 2789 2790
2791 2792 2793 2794 2795
2796 2797 2798 2799 2989
2990 2991 3109 3126 3127
3128 3129 3130 3148 3149
3150 3151 3155 3156 3157
3158 3159 3164 3165 3166
3167 3168 3169 3170 3171
3172 3178 3179 3180 3181
3182 3183 3184 3185 3186
3187 3188 3189 3190 3191
3192 3193 3194 3195 3196
3197 3198 3199 3200 3201
3202 3203 3204 3205 3206
3207 3208 3209 3210 3211
3212 3213 3214 3215 3216
3217 3218 3219 3220 3221
3222 3229 3230 3231 3232
3233 3234 3235 3236 3237
3250 3251 3252 3257 3261
3262 3268 3269 3270 3271
3272 3273 3274 3275 3276
3277 3278 3279 3280 3281
3282 3283 3284 3286 3287
3288 3289 3290 3315 3316
3317 3318 3319 3320 3321
3322 3323 3324 3325 3326
3327 3328 3329 3330 3331
3332 3333 3334 3335 3336
3337 3338 3339 3340 3341
3342 3343 3344 3345 3346
3347 3348 3349 3350 3351
3352 3353 3354 3355 3356
3357 3358 3359 3360 3361
3362 3363 3364 3365 3366
3367 3368 3369 3370 3371
3372 3373 3374 3375 3376
3377 3378 3379 3380 3381
3382 3383 3384 3385 3386
3387 3388 3389 3390 3391
3392 3393 3394 3395 3396
3397 3398 3399 3400 3401
3402 3403 3404 3405 3406
3407 3408 3409 3410 3411
3412 3413 3414 3415 3416
3417 3418 3419 3420 3421
3422 3423 3424 3425 3426
3427 3428 3429 3435 3436
3437 3438 3439 3440 3441
3442 3443 3444 3445 3446
3447 3448 3449 3450 3451
3464 3465 3466 3467 3468
3469 3470 3471 3472 3473
3474 3475 3476 3477 3478
3479 3480 3481 3482 3483
3484 3485 3486 3487 3488
3489 3490 3491 3492 3493
3494 3495 3502 3503 3504
3505 3506 3507 3508 3509
3510 3511 3512 3513 3514
3515 3516 3517 3518 3519
3520 3521 3525 3526 3527
3528 3529 3530 3531 3532
3533 3542 3543 3544 3545
3546 3547 3548 3549 3550
3551 3552 3553 3554 3555
3556 3557 3558 3559 3560
3561 3562 3563 3564 3565
3566 3567 3568 3569 3570
3571 3572 3573 3574 3575
3579 3580 3581 3582 3583
3584 3585 3586 3587 3588
3589 3590 3591 3592 3593
3594 3595 3596 3597 3598
3599 3600 3601 3602 3603
3604 3605 3606 3607 3608
3609 3610 3611 3612 3613
3614 3615 3616 3617 3618
3619 3620 3621 3622 3623
3624 3625 3626 3627 3628
3629 3630 3634 3635 3636
3637 3638 3639 3640 3641
3642 3643 3644 3645 3646
3647 3648
