233 235 377 378 388
389 390 391 392 393
394 395 396 397 398
399 400 402 403 404
405 406 407 408 412
413 414 415 416 417
418 419 420 421 422
423 424 425 426 427
434 435 437 1286 1287
1288 1289 1290 1291 1292
1293 1294 1295 1296 1297
1298 1299 1300 1301 1302
1303 1304 1305 1306 1307
1308 1309 1568 1569 1572
1573 1574 1575 1587 1592
1593 1594 1595 1596 1597
1598 1611 1612 1613 1624
1625 1626 1630 1631 1632
1633 1634 1635 1636 1637
1638 1639 1640 1641 1642
1643 1644 1645 1646 1647
1648 1770 1771 1772 1790
1797 1798 1799 1800 1801
1802 1803 1821 1822 1823
1826 1827 1828 1829 1830
1831 1832 1833 1834 1835
1836 1837 1838 1839 1840
1841 1842 1843 1844 1845
1846 1847 1848 1849 1850
1851 1852 1853 1854 1855
1856 1857 1858 1859 1860
1861 1862 1863 1864 1865
1866 1867 1869 1870 1871
1877 1878 1879 1880 1881
1882 1883 1896 1897 1898
1899 1900 1901 1902 1903
1904 1905 1906 1907 1908
1909 1910 1911 1912 1913
1914 1915 1916 1917 1918
1919 1920 1921 1922 1923
1924 1936 1937 1962 1963
1964 1965 1966 2206 2208
2209 2210 2211 2212 2365
2384 2397 2430 2431 2524
2525 2526 2543 2544 2545
2546 2810 2811 2812 2813
2814 2815 2816 2817 2818
2819 2820 2821 2822 2823
2824 2825 2826 2827 2828
2829 2830 2831 2832 2833
2834 2835 2836 2837 2838
2839 2840 2841 2842 2843
2844 2845 2846 2847 2848
2849 2850 2851 2852 2853
2854 2855 2856 2857 2858
2859 2860 2861 2862 2863
2864 2865 2866 2867 2868
2869 2870 2871 2872 2873
2874 2875 2876 2877 2878
2879 2880 2881 2882 2883
2884 2885 2886 2887 2888
2889 2890 2891 2892 2893
2894 2895 2896 2897 2898
2899 2900 2901 2902 2903
2904 2905 2906 2907 2908
2909 2910 2911 2912 2913
2914 2915 2916 2917 2918
2919 2920 2921 2922 2923
2924 2925 2926 2927
