1826 1827 1828 1829 1830
1831 1832 1833 1834 1835
1836 1837 1838 1839 1840
1841 1842 1843 1844 1845
1846 1847 1848 1849 1850
1851 1852 1853 1854 1855
1856 1857 1858 1859 1860
1861 1862 1863 1864 1865
1866 1867 1868 1869 1870
1871 1872 1873 1874 1875
1876 1877 1878 1879 1880
1881 1882 1883 1884 1885
1886 1887 1888 1889 1890
1891 1892 1893 1894 1895
1896 1897 1898 2264 2265
2266 2267 2268 2269 2270
2271 2272 2273 2274 2275
2276 2277 2278 2279 2280
2281 2282 2283 2284 2285
2286 2287 2288 2289 2290
2291 2292 2293 2294 2295
2296 2297 2298 2299 2300
2301 2302 2303 2304 2305
2306 2307 2308 2309 2310
2311 2312 2313 2314 2315
2316 2317 2318 2319 2320
2321 2322 2323 2324 2325
2326 2327 2328 2329 2330
2331 2332 2333 2334 2335
2336
