439 440 441 442 443
444 445 446 447 448
449 450 451 452 453
454 455 456 457 458
459 460 461 462 463
464 465 466 467 468
469 470 471 472 473
474 475 476 477 478
479 480 481 482 483
484 485 486 487 488
489 490 491 492 493
494 495 496 497 498
499 500 501 502 503
504 505 506 507 508
509 510 511 1315 1316
1317 1318 1319 1320 1321
1322 1323 1324 1325 1326
1327 1328 1329 1330 1331
1332 1333 1334 1335 1336
1337 1338 1339 1340 1341
1342 1343 1344 1345 1346
1347 1348 1349 1350 1351
1352 1353 1354 1355 1356
1357 1358 1359 1360 1361
1362 1363 1364 1365 1366
1367 1368 1369 1370 1371
1372 1373 1374 1375 1376
1377 1378 1379 1380 1381
1382 1383 1384 1385 1386
1387 2775 2776 2777 2778
2779 2780 2781 2782 2783
2784 2785 2786 2787 2788
2789 2790 2791 2792 2793
2794 2795 2796 2797 2798
2799 2800 2801 2802 2803
2804 2805 2806 2807 2808
2809 2810 2811 2812 2813
2814 2815 2816 2817 2818
2819 2820 2821 2822 2823
2824 2825 2826 2827 2828
2829 2830 2831 2832 2833
2834 2835 2836 2837 2838
2839 2840 2841 2842 2843
2844 2845 2846 2847 2994
2995 2996 2997 2998 2999
3000 3001 3002 3003 3004
3005 3006 3007 3008 3009
3010 3011 3012 3013 3014
3015 3016 3017 3018 3019
3020 3021 3022 3023 3024
3025 3026 3027 3028 3029
3030 3031 3032 3033 3034
3035 3036 3037 3038 3039
3040 3041 3042 3043 3044
3045 3046 3047 3048 3049
3050 3051 3052 3053 3054
3055 3056 3057 3058 3059
3060 3061 3062 3063 3064
3065 3066
