439 440 441 442 443
444 445 446 447 448
449 450 451 452 453
454 455 456 457 458
459 460 461 462 463
464 465 466 467 468
469 470 471 472 473
474 475 476 477 478
479 480 481 482 483
484 485 486 487 488
489 490 491 492 493
494 495 496 497 498
499 500 501 502 503
504 505 506 507 508
509 510 511 1680 1681
1682 1683 1684 1685 1686
1687 1688 1689 1690 1691
1692 1693 1694 1695 1696
1697 1698 1699 1700 1701
1702 1703 1704 1705 1706
1707 1708 1709 1710 1711
1712 1713 1714 1715 1716
1717 1718 1719 1720 1721
1722 1723 1724 1725 1726
1727 1728 1729 1730 1731
1732 1733 1734 1735 1736
1737 1738 1739 1740 1741
1742 1743 1744 1745 1746
1747 1748 1749 1750 1751
1752 2702 2703 2704 2705
2706 2707 2708 2709 2710
2711 2712 2713 2714 2715
2716 2717 2718 2719 2720
2721 2722 2723 2724 2725
2726 2727 2728 2729 2730
2731 2732 2733 2734 2735
2736 2737 2738 2739 2740
2741 2742 2743 2744 2745
2746 2747 2748 2749 2750
2751 2752 2753 2754 2755
2756 2757 2758 2759 2760
2761 2762 2763 2764 2765
2766 2767 2768 2769 2770
2771 2772 2773 2774 3577
3578 3579 3580 3581 3582
3583 3584 3585 3586 3587
3588 3589 3590 3591 3592
3593 3594 3595 3596 3597
3598 3599 3600 3601 3602
3603 3604 3605 3606 3607
3608 3609 3610 3611 3612
3613 3614 3615 3616 3617
3618 3619 3620 3621 3622
3623 3624 3625 3626 3627
3628 3629 3630 3631 3632
3633 3634 3635 3636 3637
3638 3639 3640 3641 3642
3643 3644 3645 3646 3647
3648
