1 11 21 33 46
83 93 116 117 122
151 156 169 189 191
192 197 233 274 299
309 311 324 332 346
347 350 356 358 360
381 387 397 412 425
439 444 446 498 516
545 563 576 591 608
615 629 632 681 702
722 818 824 837 855
868 913 917 922 926
938 942 946 976 984
988 1013 1023 1034 1043
1053 1081 1087 1090 1095
1111 1155 1157 1189 1223
1232 1237 1241 1289 1291
1308 1310 1327 1361 1391
1425 1431 1433 1450 1542
1575 1583 1614 1642 1648
1651 1754 1759 1762 1774
1776 1783 1785 1828 1877
1883 1903 1906 1942 1945
1946 1959 1973 1974 2029
2058 2062 2072 2077 2093
2105 2106 2109 2114 2126
2134 2166 2194 2210 2220
2224 2238 2290 2307 2309
2311 2314 2319 2323 2350
2351 2371 2382 2404 2411
2417 2447 2448 2453 2517
2526 2536 2543 2562 2566
2576 2578 2595 2603 2606
2621 2628 2629 2632 2658
2659 2669 2670 2675 2681
2737 2749 2828 2831 2832
2840 2841 2846 2863 2880
2886 2900 2912 2959 2994
2997 3007 3011 3019 3058
3148 3151 3158 3163 3185
3199 3200 3203 3222 3230
3234 3240 3261 3269 3279
3317 3330 3334 3365 3372
3386 3423 3452 3469 3510
3517 3529 3536 3560 3597
3624
