29 42 163 164 165
166 167 168 169 189
209 210 211 304 306
380 382 383 387 547
548 549 574 577 1038
1040 1041 1042 1043 1044
1330 1331 1332 1333 1334
1340 1341 1342 1534 1537
1538 1543 1544 1545 1546
1547 1548 1549 1550 1551
1616 1617 1618 1619 1620
1621 1622 1623 1628 1629
1630 1631 1632 1634 1635
1636 1637 1800 1801 1823
1824 1825 1826 1836 1837
1841 1842 1851 1852 1853
1859 1860 1861 1863 1880
1881 1882 1886 1887 1898
1906 1907 1908 1917 1918
1919 1920 1923 1924 1925
1926 1927 1928 1929 1930
1931 1932 1933 1934 1935
1936 1937 1938 1939 1943
1944 1945 1946 1952 1953
1954 1955 1956 1957 1958
1959 1960 1961 1962 1963
1964 1965 1966 1974 2017
2018 2033 2034 2037 2062
2063 2064 2090 2091 2092
2093 2094 2112 2113 2114
2115 2116 2117 2222 2254
2255 2295 2296 2297 2298
2312 2313 2314 2332 2335
2336 2337 2355 2356 2372
2373 2374 2382 2383 2496
2537 2538 2539 2565 2694
2695 2696 2697 2698 2699
2700 2701 2702 2703 2704
2705 2706 2707 2708 2709
2710 2711 2712 2713 2714
2715 2716 2717 2718 2719
2720 2721 2722 2723 2724
2725 2726 2727 2728 2729
2730 2731 2732 2733 2734
2735 2736 2737 2738 2739
2740 2745 2746 2747 2748
2749 2750 2751 2752 2753
2754 2755 2756 2757 3242
3243 3244 3245 3253 3254
3255 3256 3257 3292 3293
3294 3295 3330 3372 3373
3374 3413 3487 3488 3489
3490 3491 3516 3517 3518
3519 3520 3521 3522 3523
3524 3525 3526 3527 3560
3561 3562 3563 3564 3613
3614 3615 3616
