29 30 31 32 33
34 35 36 37 38
39 40 41 42 43
44 45 46 47 48
49 50 51 52 53
54 55 56 57 58
59 183 184 185 186
187 188 189 190 191
192 193 194 198 199
492 493 494 510 511
512 513 514 515 516
517 546 547 548 549
550 551 566 567 568
569 570 571 580 581
582 583 781 782 783
784 785 786 787 788
1103 1104 1158 1159 1167
1168 1169 1170 1171 1172
1173 1174 1175 1176 1194
1195 1196 1197 1198 1199
1200 1201 1202 1203 1204
1205 1206 1207 1208 1209
1210 1218 1219 1220 1221
1222 1223 1241 1242 1243
1244 1245 1246 1247 1248
1278 1279 1280 1281 1282
1283 1284 1285 1290 1291
1292 1293 1294 1295 1320
1321 1322 1323 1324 1325
1326 1361 1362 1363 1364
1365 1413 1414 1415 1416
1641 1642 1643 1644 1645
1646 1686 1687 1688 1689
1690 1691 1692 1693 1694
1695 1725 1726 1727 1728
1729 1734 1735 1736 1737
1738 1739 1740 1741 1742
1766 1767 1768 1769 1770
1771 1785 1786 1787 1788
1794 1795 1955 1956 1957
1958 1959 1960 1970 1971
1972 1973 1974 1975 1976
1977 1982 1983 1984 1985
1986 1987 1988 1989 1990
1991 1992 1993 1994 1995
1996 1997 1998 1999 2000
2001 2002 2003 2004 2005
2006 2007 2008 2009 2010
2011 2012 2013 2014 2015
2016 2017 2018 2019 2020
2021 2022 2023 2024 2025
2026 2027 2028 2029 2030
2031 2032 2033 2034 2035
2036 2037 2038 2039 2040
2041 2042 2043 2044 2045
2046 2105 2106 2107 2260
2261 2262 2263 2264 2315
2316 2317 2318 2319 2320
2321 2322 2323 2324 2325
2326 2327 2328 2329 2330
2331 2332 2333 2334 2335
2336 2337 2338 2339 2340
2341 2342 2343 2344 2345
2346 2347 2348 2349 2350
2351 2352 2353 2354 2355
2356 2357 2358 2359 2360
2361 2362 2363 2364 2365
2366 2367 2368 2369 2370
2371 2372 2373 2374 2375
2376 2377 2378 2379 2380
2381 2382 2383 2384 2385
2386 2387 2388 2389 2390
2391 2392 2393 2394 2395
2396 2397 2398 2399 2400
2401 2402 2403 2404 2405
2406 2407 2408 2409 2410
2411 2412 2413 2414 2415
2416 2417 2418 2419 2420
2421 2422 2423 2424 2425
2426 2427 2428 2429 2430
2431 2432 2433 2434 2435
2436 2437 2438 2439 2440
2441 2442 2443 2444 2445
2446 2447 2448 2449 2450
2451 2452 2453 2454 2455
2456 2457 2458 2459 2460
2461 2462 2463 2464 2465
2466 2467 2468 2469 2470
2471 2472 2473 2474 2475
2476 2477 2478 2479 2480
2481 2482 2483 2484 2485
2486 2487 2488 2489 2490
2491 2492 2493 2494 2495
2496 2497 2498 2499 2500
2501 2502 2503 2504 2505
2506 2507 2508 2703 2704
2705 2706 2707 2708 2709
2710 2711 2712 2713 2714
2715 2716 2717 2718 2719
2720 2721 2722 2758 2759
2760 2761 2762 2763 2764
2824 2825 2826 2827 2828
2829 2855 2856 2857 2858
3432 3433 3434 3435 3436
3437 3438 3439 3440 3441
3442 3443 3444 3445 3446
3447 3448 3449 3450 3451
3452 3453 3454 3455 3456
3457 3458 3459 3460 3461
3462 3463 3464 3465 3466
3467 3468 3469 3470 3471
3472 3473 3474 3475 3476
3477 3478 3479 3480 3481
3482 3483 3484 3485 3486
3487 3488 3568 3569 3570
3571 3572 3573 3574 3575
3576 3577 3644 3645 3646
3647
