1 2 3 4 5
6 7 8 9 10
11 12 13 14 15
16 17 18 19 20
21 22 23 24 25
26 27 28 29 30
31 32 33 34 35
36 37 38 39 40
41 42 43 44 45
46 47 48 49 50
51 52 53 54 55
56 57 58 59 60
61 62 63 64 65
66 67 68 69 70
71 72 73 877 878
879 880 881 882 883
884 885 886 887 888
889 890 891 892 893
894 895 896 897 898
899 900 901 902 903
904 905 906 907 908
909 910 911 912 913
914 915 916 917 918
919 920 921 922 923
924 925 926 927 928
929 930 931 932 933
934 935 936 937 938
939 940 941 942 943
944 945 946 947 948
949 3067 3068 3069 3070
3071 3072 3073 3074 3075
3076 3077 3078 3079 3080
3081 3082 3083 3084 3085
3086 3087 3088 3089 3090
3091 3092 3093 3094 3095
3096 3097 3098 3099 3100
3101 3102 3103 3104 3105
3106 3107 3108 3109 3110
3111 3112 3113 3114 3115
3116 3117 3118 3119 3120
3121 3122 3123 3124 3125
3126 3127 3128 3129 3130
3131 3132 3133 3134 3135
3136 3137 3138 3139
