247 248 877 1034 1035
1036 1079 1080 1081 1082
1083 1084 1085 1086 1099
1100 1101 1102 1103 1104
1105 1148 1149 1150 1151
1152 1153 1154 1182 1183
1184 1185 1186 1383 1384
1385 1452 1453 1454 1455
1465 1478 1532 1533 1534
1535 1536 1537 1538 1539
1540 1541 1542 1543 1544
1545 1546 1547 1548 1549
1550 1551 1552 1838 1839
1840 1862 1886 1890 1966
1967 1968 1969 1970 1971
1972 1973 1974 1975 1976
1987 1988 1989 1990 1991
1992 1993 1994 1995 1996
1997 1998 1999 2000 2001
2002 2003 2004 2005 2006
2007 2008 2009 2010 2011
2012 2013 2014 2015 2029
2030 2031 2032 2127 2128
2129 2145 2146 2147 2148
2174 2175 2176 2177 2178
2179 2288 2289 2290 2291
2314 2315 2316 2321 2322
2323 2328 2329 2330 2331
2332 2349 2350 2351 2352
2353 2354 2357 2358 2359
2375 2376 2377 2380 2381
2382 2383 2384 2385 2397
2398 2399 2588 2589 2590
2771 2772 2773 2774 2775
2776 2777 2778 2779 2780
2781 2782 2812 2830 2831
2832 2833 2834 2835 2836
2837 2838 2839 2840 2841
2842 2843 2844 2845 2846
2847 2848 2849 2850 2851
2852 2853 2854 2855 2856
2857 2858 2859 2860 2861
2862 2863 2864 2865 2866
2867 2868 2869 2870 2871
2872 2873 2874 2875 2876
2877 2878 2879 2880 2881
2882 2883 2884 2885 2886
2887 2888 2889 2890 2891
2892 2900 2901 2902 2903
2904 2905 2906 2907 2908
2909 2910 2911 2912 2913
2914 2915 2916 2917 2918
2919 2920 2921 2922 2923
2924 2925 2926 2927 2928
2929 2931 2932 2933 2934
2935 2936 2937 2938 2939
2940 2941 2942 2943 2944
2945 2946 2947 2956 2957
2958 2959 2960 2961 2962
2963 2964 2965 2966 2970
2971 2972 2973 2974 2975
2976 2977 2978 2979 2980
2981 2982 2983 2984 2985
2986 2994 2995 2996 2997
2998 2999 3000 3001 3002
3003 3004 3005 3006 3007
3008 3009 3010 3011 3012
3415
