48 53 67 81 102
116 143 156 173 180
201 215 216 247 255
262 266 316 325 332
334 344 356 367 370
410 414 420 433 446
454 463 468 477 482
484 505 509 525 538
559 569 572 578 596
602 628 652 657 685
729 777 786 817 835
848 858 859 870 880
894 940 944 955 957
958 1037 1053 1061 1063
1079 1087 1116 1137 1142
1178 1181 1192 1199 1228
1238 1256 1276 1290 1293
1294 1299 1316 1325 1358
1364 1372 1388 1390 1398
1436 1477 1491 1503 1505
1512 1562 1570 1576 1577
1580 1587 1589 1596 1611
1613 1617 1641 1654 1680
1683 1715 1722 1723 1735
1738 1761 1762 1788 1839
1843 1849 1851 1904 1909
1917 1918 1930 1965 1988
1989 2012 2051 2064 2082
2102 2110 2154 2169 2171
2176 2195 2198 2204 2217
2228 2237 2248 2302 2314
2317 2338 2354 2371 2391
2401 2445 2458 2461 2472
2487 2488 2494 2496 2517
2558 2583 2638 2647 2656
2700 2705 2712 2722 2744
2797 2804 2810 2823 2825
2829 2861 2895 2905 2934
2946 2947 2950 2974 3028
3032 3048 3068 3099 3109
3122 3133 3157 3179 3200
3201 3221 3251 3357 3367
3369 3409 3443 3463 3466
3483 3495 3512 3524 3530
3539 3545 3578 3609 3616
3619 3639 3653 3672 3680
3683 3723 3733 3742 3743
3744 3751 3752 3759 3788
3817 3818 3822 3823 3837
3890 3891 3905 3906 3913
3914 3972 3978 4010 4020
4027 4032 4038 4071 4076
4077 4079
