903 904 905 906 907
908 909 910 911 912
913 914 915 916 917
918 919 920 921 922
923 924 925 926 927
928 929 930 931 932
933 934 935 936 937
938 939 940 941 942
943 944 945 946 947
948 949 950 951 952
953 954 955 956 957
958 959 960 961 962
963 964 965 966 967
968 969 970 971 972
973 974 975 976 977
978 979 980 981 982
983 984 1559 1560 1561
1562 1563 1564 1565 1566
1567 1568 1569 1570 1571
1572 1573 1574 1575 1576
1577 1578 1579 1580 1581
1582 1583 1584 1585 1586
1587 1588 1589 1590 1591
1592 1593 1594 1595 1596
1597 1598 1599 1600 1601
1602 1603 1604 1605 1606
1607 1608 1609 1610 1611
1612 1613 1614 1615 1616
1617 1618 1619 1620 1621
1622 1623 1624 1625 1626
1627 1628 1629 1630 1631
1632 1633 1634 1635 1636
1637 1638 1639 1640 2379
2380 2381 2382 2383 2384
2385 2386 2387 2388 2389
2390 2391 2392 2393 2394
2395 2396 2397 2398 2399
2400 2401 2402 2403 2404
2405 2406 2407 2408 2409
2410 2411 2412 2413 2414
2415 2416 2417 2418 2419
2420 2421 2422 2423 2424
2425 2426 2427 2428 2429
2430 2431 2432 2433 2434
2435 2436 2437 2438 2439
2440 2441 2442 2443 2444
2445 2446 2447 2448 2449
2450 2451 2452 2453 2454
2455 2456 2457 2458 2459
2460 2707 2708 2709 2710
2711 2712 2713 2714 2715
2716 2717 2718 2719 2720
2721 2722 2723 2724 2725
2726 2727 2728 2729 2730
2731 2732 2733 2734 2735
2736 2737 2738 2739 2740
2741 2742 2743 2744 2745
2746 2747 2748 2749 2750
2751 2752 2753 2754 2755
2756 2757 2758 2759 2760
2761 2762 2763 2764 2765
2766 2767 2768 2769 2770
2771 2772 2773 2774 2775
2776 2777 2778 2779 2780
2781 2782 2783 2784 2785
2786 2787 2788 3117 3118
3119 3120 3121 3122 3123
3124 3125 3126 3127 3128
3129 3130 3131 3132 3133
3134 3135 3136 3137 3138
3139 3140 3141 3142 3143
3144 3145 3146 3147 3148
3149 3150 3151 3152 3153
3154 3155 3156 3157 3158
3159 3160 3161 3162 3163
3164 3165 3166 3167 3168
3169 3170 3171 3172 3173
3174 3175 3176 3177 3178
3179 3180 3181 3182 3183
3184 3185 3186 3187 3188
3189 3190 3191 3192 3193
3194 3195 3196 3197 3198
