53 95 128 142 149
151 173 178 186 198
211 212 242 262 263
268 313 357 368 381
402 410 419 426 431
539 561 584 586 595
608 609 627 642 646
650 659 664 668 679
680 698 701 718 723
731 734 742 743 762
773 784 788 796 833
839 843 845 863 867
907 910 917 921 949
951 953 957 958 964
966 971 980 984 1007
1015 1025 1031 1034 1043
1049 1062 1075 1085 1123
1126 1143 1171 1179 1194
1247 1264 1266 1278 1302
1357 1385 1392 1398 1457
1473 1515 1529 1536 1542
1549 1552 1580 1590 1604
1613 1648 1654 1674 1710
1730 1744 1759 1762 1770
1772 1773 1775 1782 1798
1802 1808 1826 1855 1877
1886 1913 1915 1934 1937
1944 1947 1950 2003 2014
2046 2052 2056 2063 2066
2073 2074 2111 2135 2167
2181 2233 2252 2268 2285
2294 2302 2307 2309 2317
2324 2349 2357 2361 2362
2364 2406 2415 2416 2426
2441 2445 2452 2460 2463
2471 2487 2501 2522 2539
2546 2582 2583 2585 2612
2614 2622 2631 2635 2643
2669 2704 2710 2711 2730
2745 2756 2761 2800 2804
2830 2843 2848 2887 2896
2901 2918 2985 2997 2998
3007 3022 3038 3041 3063
3109 3143 3149 3169 3179
3180 3187 3188 3196 3197
3236 3240 3281 3288 3301
3312 3332 3340 3342 3343
3359 3361 3366 3371 3373
3401 3429 3469 3479 3482
3486 3487 3500 3502 3515
3525 3528 3529 3545 3549
3554 3555 3601 3625 3631
3637 3642 3650 3653 3723
3755 3824 3826 3830 3835
3855 3859 3872 3884 3918
3929 3939 3941 3958 4015
4046 4065 4070 4073 4080
