329 330 331 332 333
334 335 336 337 338
339 340 341 342 343
344 345 346 347 348
349 350 351 352 353
354 355 356 357 358
359 360 361 362 363
364 365 366 367 368
369 370 371 372 373
374 375 376 377 378
379 380 381 382 383
384 385 386 387 388
389 390 391 392 393
394 395 396 397 398
399 400 401 402 403
404 405 406 407 408
409 410 903 904 905
906 907 908 909 910
911 912 913 914 915
916 917 918 919 920
921 922 923 924 925
926 927 928 929 930
931 932 933 934 935
936 937 938 939 940
941 942 943 944 945
946 947 948 949 950
951 952 953 954 955
956 957 958 959 960
961 962 963 964 965
966 967 968 969 970
971 972 973 974 975
976 977 978 979 980
981 982 983 984 2297
2298 2299 2300 2301 2302
2303 2304 2305 2306 2307
2308 2309 2310 2311 2312
2313 2314 2315 2316 2317
2318 2319 2320 2321 2322
2323 2324 2325 2326 2327
2328 2329 2330 2331 2332
2333 2334 2335 2336 2337
2338 2339 2340 2341 2342
2343 2344 2345 2346 2347
2348 2349 2350 2351 2352
2353 2354 2355 2356 2357
2358 2359 2360 2361 2362
2363 2364 2365 2366 2367
2368 2369 2370 2371 2372
2373 2374 2375 2376 2377
2378 2543 2544 2545 2546
2547 2548 2549 2550 2551
2552 2553 2554 2555 2556
2557 2558 2559 2560 2561
2562 2563 2564 2565 2566
2567 2568 2569 2570 2571
2572 2573 2574 2575 2576
2577 2578 2579 2580 2581
2582 2583 2584 2585 2586
2587 2588 2589 2590 2591
2592 2593 2594 2595 2596
2597 2598 2599 2600 2601
2602 2603 2604 2605 2606
2607 2608 2609 2610 2611
2612 2613 2614 2615 2616
2617 2618 2619 2620 2621
2622 2623 2624 3117 3118
3119 3120 3121 3122 3123
3124 3125 3126 3127 3128
3129 3130 3131 3132 3133
3134 3135 3136 3137 3138
3139 3140 3141 3142 3143
3144 3145 3146 3147 3148
3149 3150 3151 3152 3153
3154 3155 3156 3157 3158
3159 3160 3161 3162 3163
3164 3165 3166 3167 3168
3169 3170 3171 3172 3173
3174 3175 3176 3177 3178
3179 3180 3181 3182 3183
3184 3185 3186 3187 3188
3189 3190 3191 3192 3193
3194 3195 3196 3197 3198
