2789 2790 2791 2792 2793
2794 2795 2796 2797 2798
2799 2800 2801 2802 2803
2804 2805 2806 2807 2808
2809 2810 2811 2812 2813
2814 2815 2816 2817 2818
2819 2820 2821 2822 2823
2824 2825 2826 2827 2828
2829 2830 2831 2832 2833
2834 2835 2836 2837 2838
2839 2840 2841 2842 2843
2844 2845 2846 2847 2848
2849 2850 2851 2852 2853
2854 2855 2856 2857 2858
2859 2860 2861 2862 2863
2864 2865 2866 2867 2868
2869 2870 3117 3118 3119
3120 3121 3122 3123 3124
3125 3126 3127 3128 3129
3130 3131 3132 3133 3134
3135 3136 3137 3138 3139
3140 3141 3142 3143 3144
3145 3146 3147 3148 3149
3150 3151 3152 3153 3154
3155 3156 3157 3158 3159
3160 3161 3162 3163 3164
3165 3166 3167 3168 3169
3170 3171 3172 3173 3174
3175 3176 3177 3178 3179
3180 3181 3182 3183 3184
3185 3186 3187 3188 3189
3190 3191 3192 3193 3194
3195 3196 3197 3198 3199
3200 3201 3202 3203 3204
3205 3206 3207 3208 3209
3210 3211 3212 3213 3214
3215 3216 3217 3218 3219
3220 3221 3222 3223 3224
3225 3226 3227 3228 3229
3230 3231 3232 3233 3234
3235 3236 3237 3238 3239
3240 3241 3242 3243 3244
3245 3246 3247 3248 3249
3250 3251 3252 3253 3254
3255 3256 3257 3258 3259
3260 3261 3262 3263 3264
3265 3266 3267 3268 3269
3270 3271 3272 3273 3274
3275 3276 3277 3278 3279
3280
