392 976 977 1408 1409
1419 1420 1496 1497 1541
1542 1543 1544 1697 1719
1729 1731 1732 1733 1747
1759 1760 1761 1762 1786
1787 1793 1802 1803 1807
1808 1809 1813 1817 1818
1819 1820 1821 1825 1847
1849 1850 1851 1852 1853
1854 1855 1856 1858 1859
1860 1861 1862 1863 1864
1865 1866 1867 1868 1869
1870 1871 1872 1875 1876
1877 1878 1879 1880 1881
1882 1883 1884 1885 1886
1887 1888 1889 1921 1938
1939 1953 1985 2017 2043
2049 2081 2097 2113 2114
2115 2116 2117 2118 2119
2120 2121 2122 2123 2157
2158 2159 2160 2161 2162
2163 2164 2205 2206 2207
2209 2241 2269 2272 2273
2274 2275 2276 2277 2280
2281 2289 2299 2300 2305
2313 2314 2315 2316 2317
2318 2319 2329 2330 2331
2332 2333 2336 2337 2348
2349 2350 2351 2352 2353
2369 2384 2385 2386 2387
2388 2389 2400 2401 2416
2417 2426 2427 2428 2429
2430 2431 2433 2435 2436
2437 2438 2439 2447 2448
2455 2456 2457 2458 2459
2460 2461 2462 2463 2464
2465 2468 2469 2479 2480
2483 2484 2485 2486 2497
2508 2509 2511 2512 2513
2514 2515 2529 2540 2541
2546 2547 2548 2549 2550
2551 2561 2562 2563 2564
2565 2566 2567 2568 2593
2625 2629 2630 2631 2632
2633 2634 2635 2636 2637
2638 2639 2640 2641 2642
2651 2652 2653 2654 2655
2656 2657 2658 2659 2660
2661 2663 2665 2675 2676
2677 2678 2679 2695 2696
2697 2698 2699 2700 2701
2702 2703 2704 2705 2717
2718 2719 2720 2721 2722
2723 2738 2739 2740 2745
2753 2757 2765 2766 2767
2774 2775 2861 2867 2884
2885 2886 2887 2888 2889
2890 2907 2908 2909 2910
2911 2912 2913 2914 2915
2916 2917 2926 2927 2928
2929 2930 2931 2932 2933
2934 2935 2936 2937 2938
2939 2940 2948 2949 2950
2951 2952 2953 2957 2958
2959 2963 2964 3044 3045
3046 3047 3051 3052 3053
3054 3055 3056 3057 3058
3059 3060 3061 3062 3063
3064 3065 3066 3067 3068
3069 3070 3071 3072 3073
3074 3075 3076 3077 3078
3079 3080 3081 3082 3083
3084 3085 3086 3087 3088
3089 3090 3113 3114 3115
3116 3117 3118 3119 3120
3121 3122 3123 3124 3150
3151 3152 3163 3164 3165
3166 3167 3168 3169 3187
3195 3196 3197 3198 3199
3200 3201 3226 3227 3235
3236 3237 3238 3239 3240
3244 3245 3246 3247 3248
3249 3253 3254 3255 3256
3257 3258 3259 3260 3261
3262 3263 3264 3265 3266
3267 3268 3269 3270 3271
3272 3273 3274 3275 3276
3277 3278 3279 3280 3281
3282 3283 3284 3285 3286
3287 3288 3289 3290 3291
3292 3293 3294 3295 3296
3297 3298 3299 3300 3301
3302 3303 3304 3305 3306
3307 3308 3309 3310 3311
3312 3313 3314 3315 3316
3317 3319 3327 3328 3329
3341 3342 3356 3357 3358
3411 3412 3413 3414 3415
3416 3417 3418 3419 3420
3421 3422 3423 3431 3438
3439 3440 3441 3442 3469
3470 3471 3472 3484 3485
3493 3494 3495 3496 3497
3498 3499 3739 3740 3741
3742 3759 3760 3761 3809
3810 3811 3812 3841 3842
3846 3847 3848 3849 3873
3874 3875 3876 3894 3895
3904 3905 3907 3908 3909
3940 3941 3942 4047 4048
4049 4050 4051 4088 4089
