2051 2052 2053 2054 2055
2056 2057 2058 2059 2060
2061 2062 2063 2064 2065
2066 2067 2068 2069 2070
2071 2072 2073 2074 2075
2076 2077 2078 2079 2080
2081 2082 2083 2084 2085
2086 2087 2088 2089 2090
2091 2092 2093 2094 2095
2096 2097 2098 2099 2100
2101 2102 2103 2104 2105
2106 2107 2108 2109 2110
2111 2112 2113 2114 2115
2116 2117 2118 2119 2120
2121 2122 2123 2124 2125
2126 2127 2128 2129 2130
2131 2132 3199 3200 3201
3202 3203 3204 3205 3206
3207 3208 3209 3210 3211
3212 3213 3214 3215 3216
3217 3218 3219 3220 3221
3222 3223 3224 3225 3226
3227 3228 3229 3230 3231
3232 3233 3234 3235 3236
3237 3238 3239 3240 3241
3242 3243 3244 3245 3246
3247 3248 3249 3250 3251
3252 3253 3254 3255 3256
3257 3258 3259 3260 3261
3262 3263 3264 3265 3266
3267 3268 3269 3270 3271
3272 3273 3274 3275 3276
3277 3278 3279 3280 3527
3528 3529 3530 3531 3532
3533 3534 3535 3536 3537
3538 3539 3540 3541 3542
3543 3544 3545 3546 3547
3548 3549 3550 3551 3552
3553 3554 3555 3556 3557
3558 3559 3560 3561 3562
3563 3564 3565 3566 3567
3568 3569 3570 3571 3572
3573 3574 3575 3576 3577
3578 3579 3580 3581 3582
3583 3584 3585 3586 3587
3588 3589 3590 3591 3592
3593 3594 3595 3596 3597
3598 3599 3600 3601 3602
3603 3604 3605 3606 3607
3608
