38 50 54 64 80
88 94 103 120 136
147 150 172 194 203
238 242 244 246 257
268 269 270 276 278
285 292 294 312 338
381 429 441 456 468
487 511 529 530 540
543 555 598 607 611
614 615 656 658 683
687 706 711 712 746
777 798 833 856 885
894 902 913 936 961
1000 1010 1026 1028 1031
1038 1049 1060 1077 1104
1124 1143 1144 1166 1186
1207 1260 1263 1282 1301
1304 1379 1382 1421 1439
1441 1516 1566 1572 1583
1584 1588 1603 1613 1628
1636 1659 1663 1690 1705
1715 1717 1721 1744 1751
1752 1757 1771 1795 1815
1819 1839 1863 1890 1896
1902 1909 1911 1914 1948
1964 1966 1989 2022 2048
2059 2076 2080 2091 2103
2114 2132 2147 2176 2184
2212 2214 2245 2247 2254
2256 2270 2287 2296 2298
2320 2321 2333 2335 2347
2359 2361 2375 2386 2399
2400 2427 2428 2438 2466
2468 2471 2481 2484 2508
2576 2612 2642 2663 2665
2667 2670 2672 2673 2689
2701 2709 2721 2727 2732
2742 2748 2754 2776 2777
2792 2805 2812 2818 2828
2833 2834 2843 2877 2891
2902 2907 2930 2931 2965
2977 2983 2988 3001 3002
3003 3008 3015 3021 3040
3045 3046 3096 3105 3113
3124 3136 3146 3189 3196
3197 3198 3213 3223 3230
3248 3258 3301 3316 3320
3346 3360 3363 3365 3376
3379 3401 3429 3479 3482
3486 3487 3500 3502 3515
3525 3528 3529 3545 3549
3554 3555 3601 3609 3643
3665 3684 3712 3713 3714
3732 3754 3762 3799 3805
3864 3870 3879 3899 3924
3950 3954 3955 3969 3970
4046 4053 4055 4062 4066
4086
