1 12 27 32 40
63 65 67 68 78
121 138 163 178 186
193 247 264 265 269
276 281 292 338 358
371 372 378 395 404
420 447 452 480 484
490 491 501 529 541
543 544 569 575 585
598 607 644 655 667
671 676 716 727 746
756 796 820 832 861
895 896 923 936 967
971 978 979 980 983
1023 1025 1047 1049 1051
1075 1076 1091 1098 1105
1120 1125 1126 1146 1160
1218 1262 1267 1268 1272
1284 1319 1351 1360 1395
1411 1433 1437 1438 1446
1448 1479 1516 1546 1549
1556 1565 1578 1603 1613
1628 1636 1659 1663 1690
1705 1715 1717 1721 1744
1751 1752 1757 1771 1795
1815 1819 1839 1863 1890
1896 1902 1909 1911 1914
1948 1964 1966 1989 2022
2048 2059 2076 2080 2091
2103 2114 2132 2147 2176
2184 2212 2214 2245 2247
2254 2256 2270 2287 2296
2298 2320 2321 2333 2335
2347 2359 2361 2375 2386
2399 2400 2427 2428 2438
2466 2468 2471 2481 2484
2508 2612 2641 2642 2663
2665 2667 2670 2672 2673
2689 2701 2709 2721 2727
2732 2742 2748 2754 2776
2777 2792 2805 2812 2818
2828 2833 2834 2857 2872
2873 2886 2916 2985 2997
2998 3007 3022 3043 3136
3146 3189 3196 3197 3198
3213 3223 3230 3248 3258
3301 3316 3320 3346 3360
3363 3365 3368 3376 3379
3401 3429 3479 3482 3486
3487 3500 3502 3515 3525
3528 3529 3545 3549 3554
3555 3601 3623 3636 3637
3649 3676 3677 3683 3686
3698 3712 3714 3716 3728
3735 3754 3797 3801 3817
3819 3829 3864 3879 3896
3899 3910 3913 3917 3922
3981 4046 4047 4055 4076
4079
