17 20 21 52 80
88 102 106 112 147
162 186 196 206 222
223 228 241 253 276
303 320 338 356 379
404 409 412 448 465
469 484 492 507 536
579 581 593 602 625
628 630 657 664 670
692 698 707 719 790
807 826 831 836 844
848 881 882 883 904
916 920 926 933 937
950 952 971 1016 1042
1071 1088 1100 1106 1114
1121 1125 1144 1164 1171
1182 1184 1191 1213 1219
1238 1253 1320 1350 1358
1393 1396 1424 1443 1470
1475 1477 1489 1490 1564
1577 1602 1623 1655 1658
1666 1702 1711 1717 1732
1740 1779 1782 1787 1796
1801 1814 1837 1858 1873
1888 1896 1904 1910 1920
1941 1949 1965 1989 1992
2011 2028 2045 2057 2060
2074 2091 2098 2114 2121
2126 2131 2138 2166 2176
2178 2193 2200 2230 2254
2283 2291 2317 2320 2327
2335 2350 2354 2357 2367
2373 2379 2406 2417 2429
2430 2434 2455 2458 2487
2506 2533 2555 2557 2560
2596 2618 2643 2665 2720
2733 2736 2768 2772 2784
2809 2814 2820 2871 2875
2883 2897 2901 2912 2916
2919 2931 2944 2968 2969
2979 2988 3011 3013 3016
3017 3028 3031 3035 3036
3060 3068 3106 3109 3124
3171 3173 3178 3180 3285
3294 3296 3305 3378 3407
3455 3462 3469 3474 3477
3502 3533 3541 3544 3554
3559 3569 3601 3621 3646
3670 3679 3685 3686 3689
3703 3704 3721 3755 3758
3759 3802 3808 3815 3820
3856 3866 3877 3885 3887
3889 3896 3903 3911 3934
3947 3951 3957 3968 3974
3982 4022 4029 4032 4051
4066
