985 986 987 988 989
990 991 992 993 994
995 996 997 998 999
1000 1001 1002 1003 1004
1005 1006 1007 1008 1009
1010 1011 1012 1013 1014
1015 1016 1017 1018 1019
1020 1021 1022 1023 1024
1025 1026 1027 1028 1029
1030 1031 1032 1033 1034
1035 1036 1037 1038 1039
1040 1041 1042 1043 1044
1045 1046 1047 1048 1049
1050 1051 1052 1053 1054
1055 1056 1057 1058 1059
1060 1061 1062 1063 1064
1065 1066 1477 1478 1479
1480 1481 1482 1483 1484
1485 1486 1487 1488 1489
1490 1491 1492 1493 1494
1495 1496 1497 1498 1499
1500 1501 1502 1503 1504
1505 1506 1507 1508 1509
1510 1511 1512 1513 1514
1515 1516 1517 1518 1519
1520 1521 1522 1523 1524
1525 1526 1527 1528 1529
1530 1531 1532 1533 1534
1535 1536 1537 1538 1539
1540 1541 1542 1543 1544
1545 1546 1547 1548 1549
1550 1551 1552 1553 1554
1555 1556 1557 1558 2051
2052 2053 2054 2055 2056
2057 2058 2059 2060 2061
2062 2063 2064 2065 2066
2067 2068 2069 2070 2071
2072 2073 2074 2075 2076
2077 2078 2079 2080 2081
2082 2083 2084 2085 2086
2087 2088 2089 2090 2091
2092 2093 2094 2095 2096
2097 2098 2099 2100 2101
2102 2103 2104 2105 2106
2107 2108 2109 2110 2111
2112 2113 2114 2115 2116
2117 2118 2119 2120 2121
2122 2123 2124 2125 2126
2127 2128 2129 2130 2131
2132 2789 2790 2791 2792
2793 2794 2795 2796 2797
2798 2799 2800 2801 2802
2803 2804 2805 2806 2807
2808 2809 2810 2811 2812
2813 2814 2815 2816 2817
2818 2819 2820 2821 2822
2823 2824 2825 2826 2827
2828 2829 2830 2831 2832
2833 2834 2835 2836 2837
2838 2839 2840 2841 2842
2843 2844 2845 2846 2847
2848 2849 2850 2851 2852
2853 2854 2855 2856 2857
2858 2859 2860 2861 2862
2863 2864 2865 2866 2867
2868 2869 2870
