1408 1409 1410 1419 1420
1496 1497 1498 1542 1543
1853 1854 1855 1856 1858
1859 1860 1861 1862 1868
1869 1870 1871 1872 1875
1876 1877 1878 2117 2118
2119 2120 2159 2160 2161
2162 2386 2563 2564 2638
2652 2656 2676 2718 2909
2910 2913 2914 2933 2934
3053 3066 3067 3068 3069
3070 3071 3072 3073 3074
3075 3076 3077 3078 3079
3080 3081 3082 3083 3084
3085 3086 3087 3088 3089
3090 3091 3119 3196 3197
3198 3199 3256 3257 3258
3259 3260 3261 3262 3263
3264 3265 3266 3267 3268
3269 3270 3271 3272 3273
3274 3275 3276 3277 3279
3280 3281 3282 3283 3284
3285 3286 3287 3288 3289
3290 3291 3292 3294 3295
3296 3297 3298 3299 3300
3301 3302 3303 3304 3306
3439 3494 3495 3496 3497
3739 3740 3809 3810 3847
3874 4049
