51 55 66 72 91
105 133 135 137 159
161 188 204 207 224
225 249 253 256 261
281 293 354 359 377
420 428 449 455 459
473 479 538 549 567
589 606 616 630 631
644 659 665 676 680
688 697 766 779 829
866 872 892 897 900
909 913 930 940 960
1030 1038 1056 1057 1064
1090 1092 1110 1143 1181
1190 1195 1198 1203 1221
1224 1245 1267 1284 1304
1311 1313 1322 1376 1415
1448 1489 1510 1512 1523
1535 1540 1545 1555 1582
1588 1611 1618 1626 1647
1677 1709 1732 1738 1748
1773 1814 1865 1873 1874
1879 1882 1898 1899 1901
1940 1966 2011 2015 2033
2072 2098 2119 2126 2135
2140 2162 2188 2192 2211
2230 2258 2268 2276 2280
2292 2330 2333 2355 2364
2370 2385 2386 2399 2467
2519 2526 2535 2552 2561
2564 2578 2582 2586 2588
2601 2607 2619 2622 2627
2628 2632 2680 2712 2720
2722 2741 2759 2767 2773
2791 2800 2810 2865 2882
2904 2905 2927 2936 2951
2974 2980 2984 3009 3012
3017 3021 3023 3026 3067
3082 3095 3096 3098 3103
3126 3142 3183 3200 3245
3295 3312 3315 3332 3334
3371 3389 3469 3476 3485
3509 3510 3516 3575 3586
3592 3597 3601 3620 3623
3699 3710 3719 3744 3746
3759 3772 3773 3784 3786
3797 3798 3804 3827 3856
3860 3884 3885 3897 3922
3942 3946 3960 3968 3983
3996 4000 4002 4008 4066
4069 4093
