6 11 48 53 61
63 88 103 113 116
161 184 201 202 257
277 279 306 309 316
320 329 336 342 366
385 447 468 481 492
499 504 509 536 561
586 603 637 653 656
657 704 717 719 723
730 732 733 745 790
793 795 839 840 851
853 888 891 906 925
940 958 984 986 1010
1082 1089 1100 1120 1122
1127 1132 1142 1150 1185
1228 1251 1254 1262 1276
1279 1313 1315 1316 1324
1331 1335 1338 1339 1349
1353 1383 1388 1393 1398
1415 1427 1438 1476 1493
1511 1517 1542 1566 1572
1583 1584 1588 1594 1600
1623 1631 1637 1642 1644
1649 1650 1684 1692 1697
1703 1737 1767 1797 1803
1814 1833 1834 1881 1883
1884 1904 1913 1923 1928
1932 1934 1963 1966 1970
1972 1977 1988 2022 2033
2042 2071 2074 2080 2085
2086 2099 2107 2127 2128
2172 2177 2189 2217 2236
2253 2302 2314 2317 2338
2347 2407 2421 2423 2425
2432 2435 2440 2488 2490
2568 2610 2620 2629 2632
2636 2683 2698 2780 2861
2895 2905 2934 2946 2947
2950 2969 2999 3027 3047
3058 3067 3099 3109 3122
3133 3157 3179 3214 3233
3243 3256 3281 3285 3289
3357 3367 3369 3409 3443
3463 3466 3483 3495 3512
3524 3530 3539 3545 3578
3609 3616 3619 3639 3653
3672 3680 3683 3723 3733
3742 3743 3744 3751 3752
3759 3788 3817 3818 3822
3823 3837 3890 3891 3905
3906 3921 3935 3936 3938
3942 3963 4002 4008 4023
4025 4038 4055 4058 4073
4089
