24 36 80 82 107
110 114 120 128 153
155 162 171 204 211
218 223 227 236 239
246 261 269 294 303
313 314 317 353 362
371 384 386 388 395
409 453 459 466 494
504 508 532 535 543
545 573 583 601 602
631 647 660 669 692
701 709 713 717 734
750 784 826 839 871
873 878 886 887 898
912 954 977 997 1001
1009 1010 1014 1021 1042
1071 1085 1114 1116 1122
1134 1152 1167 1170 1174
1211 1212 1216 1231 1258
1276 1285 1296 1297 1307
1339 1344 1366 1395 1400
1401 1405 1453 1477 1483
1528 1529 1580 1611 1615
1616 1626 1648 1657 1690
1708 1729 1776 1780 1782
1785 1786 1789 1821 1845
1846 1850 1853 1859 1882
1888 1895 1929 1936 1937
1944 1966 1973 1975 1997
1998 1999 2001 2054 2061
2065 2069 2093 2102 2136
2158 2195 2221 2224 2236
2252 2265 2289 2293 2311
2327 2330 2355 2418 2421
2455 2473 2476 2477 2481
2510 2528 2537 2544 2550
2578 2583 2587 2602 2603
2612 2623 2630 2664 2671
2685 2705 2707 2737 2752
2770 2778 2785 2788 2794
2800 2817 2836 2845 2856
2859 2862 2874 2877 2878
2895 2920 2934 2938 2941
2966 2969 2972 3012 3051
3089 3101 3118 3124 3130
3131 3153 3154 3159 3161
3162 3163 3208 3215 3225
3234 3313 3317 3346 3360
3363 3372 3391 3399 3404
3431 3445 3477 3507 3511
3537 3542 3550 3564 3585
3598 3631 3644 3671 3681
3683 3708 3710 3711 3716
3726 3751 3776 3781 3788
3817 3823 3834 3842 3860
3924 3937 3952 3970 3981
3988 3993 4019 4044 4057
4085 4093
