5 24 67 70 73
116 126 128 137 138
144 170 175 177 184
194 196 205 246 247
278 289 296 297 301
307 328 350 362 370
378 403 406 439 452
474 491 510 516 519
525 539 540 572 577
630 643 660 662 679
698 706 721 724 742
761 763 787 792 802
805 818 819 887 890
913 914 934 951 964
1016 1017 1026 1047 1048
1051 1102 1120 1129 1130
1147 1152 1170 1191 1194
1197 1199 1202 1217 1224
1227 1253 1261 1267 1274
1280 1286 1312 1317 1325
1327 1351 1352 1353 1375
1376 1385 1389 1414 1421
1437 1455 1466 1470 1478
1535 1558 1588 1631 1635
1644 1650 1660 1671 1673
1675 1688 1700 1717 1724
1736 1749 1751 1755 1761
1764 1770 1780 1786 1790
1797 1824 1835 1840 1892
1898 1931 1955 1965 1967
1973 1988 2017 2027 2068
2069 2072 2075 2131 2154
2160 2186 2192 2193 2216
2223 2226 2231 2232 2246
2255 2297 2324 2335 2342
2343 2361 2367 2368 2374
2376 2390 2404 2411 2420
2426 2433 2457 2459 2460
2462 2469 2488 2494 2498
2535 2542 2543 2582 2587
2605 2622 2623 2630 2673
2692 2708 2736 2744 2748
2764 2772 2795 2806 2840
2846 2857 2870 2874 2875
2890 2891 2925 2929 2933
2938 2992 3011 3017 3032
3035 3056 3059 3064 3085
3096 3099 3101 3111 3114
3115 3124 3129 3142 3156
3186 3192 3195 3217 3220
3226 3242 3251 3262 3283
3313 3322 3334 3381 3387
3399 3417 3421 3423 3425
3432 3442 3459 3475 3485
3505 3519 3532 3558 3563
3574 3575 3597 3608 3638
3675 3697 3727 3760 3769
3776 3799 3805 3815 3830
3844 3845 3883 3900 3903
3912 3930 3946 3948 3982
3984 3986 4005 4072 4077
4086
