411 412 413 414 415
416 417 418 419 420
421 422 423 424 425
426 427 428 429 430
431 432 433 434 435
436 437 438 439 440
441 442 443 444 445
446 447 448 449 450
451 452 453 454 455
456 457 458 459 460
461 462 463 464 465
466 467 468 469 470
471 472 473 474 475
476 477 478 479 480
481 482 483 484 485
486 487 488 489 490
491 492 821 822 823
824 825 826 827 828
829 830 831 832 833
834 835 836 837 838
839 840 841 842 843
844 845 846 847 848
849 850 851 852 853
854 855 856 857 858
859 860 861 862 863
864 865 866 867 868
869 870 871 872 873
874 875 876 877 878
879 880 881 882 883
884 885 886 887 888
889 890 891 892 893
894 895 896 897 898
899 900 901 902 2789
2790 2791 2792 2793 2794
2795 2796 2797 2798 2799
2800 2801 2802 2803 2804
2805 2806 2807 2808 2809
2810 2811 2812 2813 2814
2815 2816 2817 2818 2819
2820 2821 2822 2823 2824
2825 2826 2827 2828 2829
2830 2831 2832 2833 2834
2835 2836 2837 2838 2839
2840 2841 2842 2843 2844
2845 2846 2847 2848 2849
2850 2851 2852 2853 2854
2855 2856 2857 2858 2859
2860 2861 2862 2863 2864
2865 2866 2867 2868 2869
2870
