22 25 52 70 72
74 82 84 104 109
141 150 154 189 212
228 233 244 247 254
272 295 300 303 306
327 341 351 358 376
378 381 405 415 427
447 460 487 492 529
530 532 552 558 563
585 589 594 617 634
644 655 673 679 760
768 801 811 838 839
851 858 867 971 998
1004 1015 1030 1040 1061
1080 1088 1095 1097 1119
1137 1181 1184 1190 1213
1223 1242 1248 1258 1270
1272 1290 1304 1310 1315
1325 1331 1338 1382 1430
1451 1457 1471 1480 1484
1534 1564 1596 1601 1613
1627 1632 1633 1649 1656
1677 1701 1712 1723 1725
1742 1749 1753 1759 1777
1795 1798 1803 1819 1844
1886 1905 1949 1953 1966
2022 2081 2085 2095 2096
2184 2187 2209 2211 2214
2241 2253 2254 2275 2276
2288 2299 2304 2313 2317
2319 2329 2368 2380 2381
2382 2383 2387 2408 2448
2454 2457 2476 2541 2546
2580 2584 2587 2589 2596
2600 2607 2614 2616 2626
2645 2658 2679 2683 2703
2718 2743 2827 2834 2873
2882 2884 2885 2921 2931
2973 2983 3007 3013 3049
3054 3057 3098 3131 3188
3203 3207 3237 3242 3260
3276 3284 3288 3295 3317
3367 3384 3394 3397 3431
3448 3454 3471 3476 3480
3502 3545 3552 3578 3583
3596 3620 3631 3635 3639
3651 3665 3675 3683 3692
3705 3722 3730 3743 3794
3797 3804 3818 3833 3857
3879 3888 3889 3902 3906
3934 3944 3947 3949 3960
3981 4003 4012 4024 4025
4043 4056 4064 4082 4089
