247 248 249 250 251
252 253 254 255 256
257 258 259 260 261
262 263 264 265 266
267 268 269 270 271
272 273 274 275 276
277 278 279 280 281
282 283 284 285 286
287 288 289 290 291
292 293 294 295 296
297 298 299 300 301
302 303 304 305 306
307 308 309 310 311
312 313 314 315 316
317 318 319 320 321
322 323 324 325 326
327 328 1559 1560 1561
1562 1563 1564 1565 1566
1567 1568 1569 1570 1571
1572 1573 1574 1575 1576
1577 1578 1579 1580 1581
1582 1583 1584 1585 1586
1587 1588 1589 1590 1591
1592 1593 1594 1595 1596
1597 1598 1599 1600 1601
1602 1603 1604 1605 1606
1607 1608 1609 1610 1611
1612 1613 1614 1615 1616
1617 1618 1619 1620 1621
1622 1623 1624 1625 1626
1627 1628 1629 1630 1631
1632 1633 1634 1635 1636
1637 1638 1639 1640 3609
3610 3611 3612 3613 3614
3615 3616 3617 3618 3619
3620 3621 3622 3623 3624
3625 3626 3627 3628 3629
3630 3631 3632 3633 3634
3635 3636 3637 3638 3639
3640 3641 3642 3643 3644
3645 3646 3647 3648 3649
3650 3651 3652 3653 3654
3655 3656 3657 3658 3659
3660 3661 3662 3663 3664
3665 3666 3667 3668 3669
3670 3671 3672 3673 3674
3675 3676 3677 3678 3679
3680 3681 3682 3683 3684
3685 3686 3687 3688 3689
3690
