1559 1560 1561 1562 1563
1564 1565 1566 1567 1568
1569 1570 1571 1572 1573
1574 1575 1576 1577 1578
1579 1580 1581 1582 1583
1584 1585 1586 1587 1588
1589 1590 1591 1592 1593
1594 1595 1596 1597 1598
1599 1600 1601 1602 1603
1604 1605 1606 1607 1608
1609 1610 1611 1612 1613
1614 1615 1616 1617 1618
1619 1620 1621 1622 1623
1624 1625 1626 1627 1628
1629 1630 1631 1632 1633
1634 1635 1636 1637 1638
1639 1640 3934 3935 3936
3937 3938 3939 3940 3941
3942 3943 3944 3945 3946
3947 3948 3949 3950 3951
3952 3953 3954 3955 3956
3957 3958 3959 3960 3961
3962 3963 3964 3965 3966
3967 3968 3969 3970 3971
3972 3973 3974 3975 3976
3977 3978 3979 3980 3981
3982 3983 3984 3985 3986
3987 3988 3989 3990 3991
3992 3993 3994 3995 3996
3997 3998 3999 4000 4001
4002 4003 4004 4005 4006
4007 4008 4009 4010 4011
4012 4013 4014
