17 18 51 88 93
147 165 190 194 212
225 240 257 264 278
281 330 337 343 345
350 356 367 407 415
436 450 452 459 465
472 474 487 492 529
530 532 552 558 563
585 589 594 617 634
644 655 673 679 695
711 720 751 759 763
775 795 804 815 823
848 864 882 902 907
918 947 964 991 1002
1012 1018 1026 1036 1047
1049 1050 1082 1093 1119
1130 1145 1192 1205 1206
1271 1334 1337 1340 1351
1360 1363 1366 1403 1406
1410 1413 1433 1435 1453
1492 1504 1509 1542 1552
1570 1577 1586 1603 1628
1633 1637 1651 1699 1763
1784 1789 1798 1802 1805
1850 1874 1894 1908 1910
1912 1913 1938 1955 1959
1983 2027 2036 2053 2055
2074 2076 2085 2184 2209
2211 2214 2241 2253 2254
2275 2276 2288 2294 2297
2333 2345 2382 2414 2448
2454 2457 2476 2541 2546
2580 2584 2587 2589 2596
2600 2607 2614 2616 2626
2657 2658 2662 2670 2682
2689 2763 2768 2769 2779
2794 2825 2830 2839 2878
2886 2918 2929 2930 2931
2961 2970 2988 2997 3002
3037 3041 3042 3067 3078
3092 3100 3122 3127 3133
3160 3164 3171 3173 3188
3311 3334 3356 3389 3393
3398 3403 3434 3442 3446
3452 3465 3473 3487 3503
3512 3533 3548 3562 3590
3600 3645 3646 3655 3658
3665 3671 3674 3675 3679
3696 3698 3713 3769 3775
3782 3817 3822 3834 3835
3869 3877 3887 3959 3961
3990 4021 4028 4033 4039
4063 4069 4081
