14 15 16 39 43
65 70 71 74 76
81 82 87 124 133
139 155 182 195 205
214 226 228 269 291
323 344 346 364 365
379 386 420 427 490
502 529 530 532 552
558 563 585 589 594
617 634 644 655 673
679 695 711 720 739
747 749 760 783 810
820 838 843 848 862
885 926 938 941 954
957 970 976 992 999
1001 1007 1017 1048 1067
1073 1075 1081 1084 1103
1105 1113 1118 1121 1126
1139 1174 1175 1178 1181
1205 1217 1225 1229 1232
1244 1252 1262 1335 1462
1473 1528 1555 1564 1576
1608 1611 1630 1638 1659
1662 1666 1667 1671 1720
1760 1761 1786 1797 1802
1807 1817 1822 1825 1829
1843 1867 1885 1889 1912
1917 1950 2011 2015 2027
2028 2038 2069 2084 2086
2111 2138 2140 2150 2209
2211 2214 2241 2253 2254
2275 2276 2288 2299 2304
2313 2317 2319 2329 2380
2383 2387 2408 2449 2459
2468 2471 2475 2541 2546
2570 2571 2588 2623 2644
2659 2666 2682 2708 2714
2715 2716 2719 2741 2742
2744 2757 2782 2804 2811
2847 2871 2886 2921 2931
2976 2983 3007 3041 3042
3054 3057 3098 3131 3225
3237 3269 3275 3279 3297
3321 3327 3342 3347 3360
3364 3372 3390 3397 3465
3476 3485 3499 3502 3545
3559 3563 3568 3576 3580
3604 3633 3641 3663 3670
3684 3690 3710 3713 3721
3749 3782 3817 3822 3834
3835 3869 3877 3887 3899
3901 3967 4017 4020 4023
4027 4033 4058 4075
