165 166 167 168 169
170 171 172 173 174
175 176 177 178 179
180 181 182 183 184
185 186 187 188 189
190 191 192 193 194
195 196 197 198 199
200 201 202 203 204
205 206 207 208 209
210 211 212 213 214
215 216 217 218 219
220 221 222 223 224
225 226 227 228 229
230 231 232 233 234
235 236 237 238 239
240 241 242 243 244
245 246 2215 2216 2217
2218 2219 2220 2221 2222
2223 2224 2225 2226 2227
2228 2229 2230 2231 2232
2233 2234 2235 2236 2237
2238 2239 2240 2241 2242
2243 2244 2245 2246 2247
2248 2249 2250 2251 2252
2253 2254 2255 2256 2257
2258 2259 2260 2261 2262
2263 2264 2265 2266 2267
2268 2269 2270 2271 2272
2273 2274 2275 2276 2277
2278 2279 2280 2281 2282
2283 2284 2285 2286 2287
2288 2289 2290 2291 2292
2293 2294 2295 2296
