1 1408 1409 1410 1420
1421 1497 1498 1542 1543
1544 1545 1649 1854 1855
1856 1857 1858 1859 1860
1861 1862 1863 1868 1869
1870 1871 1872 1873 1874
1875 1876 1877 1878 1879
1880 1881 2118 2119 2120
2121 2122 2160 2161 2162
2163 2206 2207 2208 2274
2275 2276 2277 2387 2513
2549 2564 2565 2576 2577
2578 2602 2603 2604 2637
2638 2639 2640 2652 2653
2657 2677 2696 2697 2719
2720 2910 2911 2914 2935
3030 3031 3032 3054 3058
3059 3060 3063 3067 3068
3069 3070 3071 3072 3073
3074 3075 3076 3077 3078
3079 3080 3081 3082 3083
3084 3085 3086 3087 3088
3089 3090 3091 3120 3197
3198 3199 3200 3201 3202
3245 3246 3247 3248 3249
3250 3256 3257 3258 3259
3260 3261 3262 3263 3264
3265 3266 3267 3268 3269
3270 3271 3272 3273 3274
3275 3276 3277 3278 3279
3280 3281 3282 3283 3284
3285 3286 3287 3288 3289
3290 3291 3292 3293 3295
3296 3297 3298 3299 3300
3301 3302 3303 3304 3305
3306 3307 3308 3309 3310
3311 3412 3413 3414 3415
3416 3417 3418 3419 3420
3421 3422 3423 3424 3425
3426 3431 3432 3433 3434
3435 3436 3440 3445 3456
3457 3495 3496 3497 3498
3499 3505 3506 3740 3741
3760 3761 3762 3810 3811
3812 3847 3848 3849 3875
3876 4050
