165 166 167 168 169
170 171 172 173 174
175 176 177 178 179
180 181 182 183 184
185 186 187 188 189
190 191 192 193 194
195 196 197 198 199
200 201 202 203 204
205 206 207 208 209
210 211 212 213 214
215 216 217 218 219
220 221 222 223 224
225 226 227 228 229
230 231 232 233 234
235 236 237 238 239
240 241 242 243 244
245 246 2625 2626 2627
2628 2629 2630 2631 2632
2633 2634 2635 2636 2637
2638 2639 2640 2641 2642
2643 2644 2645 2646 2647
2648 2649 2650 2651 2652
2653 2654 2655 2656 2657
2658 2659 2660 2661 2662
2663 2664 2665 2666 2667
2668 2669 2670 2671 2672
2673 2674 2675 2676 2677
2678 2679 2680 2681 2682
2683 2684 2685 2686 2687
2688 2689 2690 2691 2692
2693 2694 2695 2696 2697
2698 2699 2700 2701 2702
2703 2704 2705 2706 2789
2790 2791 2792 2793 2794
2795 2796 2797 2798 2799
2800 2801 2802 2803 2804
2805 2806 2807 2808 2809
2810 2811 2812 2813 2814
2815 2816 2817 2818 2819
2820 2821 2822 2823 2824
2825 2826 2827 2828 2829
2830 2831 2832 2833 2834
2835 2836 2837 2838 2839
2840 2841 2842 2843 2844
2845 2846 2847 2848 2849
2850 2851 2852 2853 2854
2855 2856 2857 2858 2859
2860 2861 2862 2863 2864
2865 2866 2867 2868 2869
2870
