5 22 36 57 67
68 84 91 110 123
124 150 163 164 173
182 184 208 214 217
220 224 226 257 264
279 281 282 298 321
346 353 368 397 425
427 431 444 455 457
468 483 494 500 507
512 513 516 520 530
605 607 614 675 684
703 706 708 717 771
804 822 829 830 848
868 905 944 963 964
983 988 1002 1004 1013
1029 1047 1055 1064 1118
1121 1139 1174 1175 1178
1181 1205 1217 1225 1229
1232 1244 1252 1262 1335
1431 1432 1433 1448 1475
1477 1501 1503 1524 1525
1531 1533 1535 1567 1581
1607 1614 1633 1639 1677
1701 1712 1739 1740 1764
1770 1785 1809 1819 1827
1855 1901 1918 1938 1939
1969 1981 1983 2011 2023
2027 2036 2053 2055 2074
2076 2085 2184 2187 2207
2209 2211 2214 2236 2238
2260 2266 2273 2275 2278
2295 2325 2356 2360 2408
2448 2454 2457 2476 2541
2546 2580 2584 2587 2589
2596 2600 2607 2614 2616
2626 2657 2658 2662 2670
2682 2689 2763 2768 2769
2779 2794 2825 2830 2839
2875 2877 2899 2927 2943
2951 2958 2969 2981 2993
3011 3041 3042 3059 3114
3166 3174 3208 3218 3225
3236 3317 3348 3353 3355
3365 3395 3406 3448 3454
3471 3476 3480 3502 3545
3552 3578 3583 3596 3620
3631 3635 3639 3680 3701
3717 3726 3734 3769 3773
3800 3821 3827 3828 3835
3860 3871 3950 3959 3960
4006 4025 4028 4083 4089
