411 412 413 414 415
416 417 418 419 420
421 422 423 424 425
426 427 428 429 430
431 432 433 434 435
436 437 438 439 440
441 442 443 444 445
446 447 448 449 450
451 452 453 454 455
456 457 458 459 460
461 462 463 464 465
466 467 468 469 470
471 472 473 474 475
476 477 478 479 480
481 482 483 484 485
486 487 488 489 490
491 492 1395 1396 1397
1398 1399 1400 1401 1402
1403 1404 1405 1406 1407
1408 1409 1410 1411 1412
1413 1414 1415 1416 1417
1418 1419 1420 1421 1422
1423 1424 1425 1426 1427
1428 1429 1430 1431 1432
1433 1434 1435 1436 1437
1438 1439 1440 1441 1442
1443 1444 1445 1446 1447
1448 1449 1450 1451 1452
1453 1454 1455 1456 1457
1458 1459 1460 1461 1462
1463 1464 1465 1466 1467
1468 1469 1470 1471 1472
1473 1474 1475 1476 1805
1806 1807 1808 1809 1810
1811 1812 1813 1814 1815
1816 1817 1818 1819 1820
1821 1822 1823 1824 1825
1826 1827 1828 1829 1830
1831 1832 1833 1834 1835
1836 1837 1838 1839 1840
1841 1842 1843 1844 1845
1846 1847 1848 1849 1850
1851 1852 1853 1854 1855
1856 1857 1858 1859 1860
1861 1862 1863 1864 1865
1866 1867 1868 1869 1870
1871 1872 1873 1874 1875
1876 1877 1878 1879 1880
1881 1882 1883 1884 1885
1886
