6 10 20 37 65
73 79 86 101 106
128 133 139 198 211
261 263 283 326 328
330 339 344 345 347
363 377 384 391 402
431 442 443 446 453
463 493 511 529 542
551 564 592 594 637
668 690 692 698 703
714 718 719 739 798
817 828 858 863 864
891 893 917 932 952
968 1027 1046 1048 1052
1079 1084 1086 1103 1110
1129 1130 1147 1152 1170
1191 1194 1197 1199 1202
1217 1224 1227 1253 1261
1267 1274 1280 1285 1302
1356 1363 1380 1382 1395
1400 1458 1459 1462 1468
1498 1533 1546 1555 1566
1584 1597 1616 1622 1636
1640 1653 1667 1670 1678
1700 1717 1724 1736 1749
1751 1755 1761 1764 1770
1780 1786 1790 1797 1824
1835 1840 1866 1902 1909
1915 1916 1930 1950 1966
1987 2014 2033 2047 2061
2062 2099 2107 2117 2121
2126 2130 2143 2154 2156
2263 2307 2312 2325 2353
2363 2391 2400 2418 2423
2428 2434 2443 2444 2468
2470 2472 2476 2487 2541
2618 2636 2645 2656 2670
2680 2688 2695 2703 2709
2713 2721 2735 2743 2744
2764 2785 2787 2793 2795
2809 2814 2823 2862 2864
2873 2877 2900 2938 2948
2958 2963 2969 2997 3006
3021 3042 3054 3061 3074
3108 3119 3170 3193 3220
3235 3242 3245 3251 3256
3261 3266 3272 3283 3296
3343 3352 3356 3361 3366
3384 3420 3421 3430 3434
3463 3480 3487 3500 3527
3534 3550 3564 3577 3583
3591 3595 3600 3616 3631
3652 3653 3669 3683 3706
3707 3711 3715 3742 3744
3750 3760 3809 3826 3840
3864 3901 3936 3944 3965
3983 3987 3988 3993 3995
4021 4023 4030 4041 4050
4056 4086
