1 1409 1410 1543 1544
1856 1857 1858 1859 1860
1861 1871 1872 1873 1874
1875 1876 1877 1878 1879
2118 2119 2120 2121 2160
2161 2162 2163 2207 2274
2275 2276 2576 2577 2602
2603 2604 2637 2638 2639
2640 2653 2657 2677 3030
3031 3059 3060 3068 3069
3070 3071 3072 3073 3074
3075 3076 3077 3078 3079
3080 3081 3082 3083 3084
3085 3086 3087 3088 3089
3090 3197 3198 3199 3200
3201 3245 3246 3247 3248
3249 3259 3260 3261 3262
3263 3264 3265 3266 3267
3268 3269 3270 3271 3272
3273 3286 3287 3288 3289
3290 3291 3292 3293 3294
3295 3296 3297 3298 3299
3300 3301 3302 3303 3304
3305 3306 3307 3308 3309
3412 3413 3414 3415 3416
3417 3418 3419 3420 3421
3422 3423 3424 3425 3426
3431 3432 3433 3434 3457
3495 3496 3497 3498 3499
3506 3740 3760 3761 3762
3810 3811 3812 3847 3848
3849 3875 3876
