12 27 55 58 72
87 113 131 162 199
217 233 252 266 277
305 318 328 366 441
454 458 473 479 490
508 511 521 549 553
560 568 570 571 572
609 638 646 690 703
706 711 712 719 757
783 812 815 834 846
847 848 851 876 880
889 894 906 914 919
921 942 954 995 998
999 1010 1012 1015 1018
1020 1051 1052 1066 1068
1085 1111 1137 1154 1171
1184 1200 1215 1217 1258
1273 1285 1290 1299 1300
1302 1340 1364 1369 1374
1376 1388 1404 1484 1528
1537 1542 1546 1549 1559
1577 1600 1610 1628 1634
1639 1705 1713 1742 1775
1828 1830 1838 1841 1892
1946 1957 1977 2000 2010
2013 2015 2016 2061 2080
2087 2124 2127 2155 2170
2172 2180 2182 2202 2203
2206 2212 2214 2233 2252
2254 2357 2362 2391 2396
2400 2406 2436 2446 2468
2481 2486 2487 2489 2491
2536 2543 2550 2578 2583
2587 2602 2603 2612 2630
2664 2671 2685 2705 2707
2737 2752 2770 2778 2785
2788 2794 2800 2817 2836
2845 2856 2859 2862 2874
2877 2878 2895 2920 2934
2938 2941 2966 2969 2972
3012 3051 3089 3101 3118
3124 3130 3131 3153 3154
3159 3161 3162 3163 3208
3215 3225 3234 3313 3317
3346 3360 3363 3372 3391
3401 3439 3441 3447 3452
3456 3471 3530 3535 3543
3544 3548 3549 3575 3606
3613 3616 3634 3658 3659
3685 3818 3825 3829 3893
3917 3931 3961 3964 3974
3976 3981 3984 4029 4032
4055 4057 4077 4085
