1 2 3 4 5
6 7 8 9 10
11 12 13 14 15
16 17 18 19 20
21 22 23 24 25
26 27 28 29 30
31 32 33 34 35
36 37 38 39 40
41 42 43 44 45
46 47 48 49 50
51 52 53 54 55
56 57 58 59 60
61 62 63 64 65
66 67 68 69 70
71 72 73 74 75
76 77 78 79 80
81 82 739 740 741
742 743 744 745 746
747 748 749 750 751
752 753 754 755 756
757 758 759 760 761
762 763 764 765 766
767 768 769 770 771
772 773 774 775 776
777 778 779 780 781
782 783 784 785 786
787 788 789 790 791
792 793 794 795 796
797 798 799 800 801
802 803 804 805 806
807 808 809 810 811
812 813 814 815 816
817 818 819 820 1641
1642 1643 1644 1645 1646
1647 1648 1649 1650 1651
1652 1653 1654 1655 1656
1657 1658 1659 1660 1661
1662 1663 1664 1665 1666
1667 1668 1669 1670 1671
1672 1673 1674 1675 1676
1677 1678 1679 1680 1681
1682 1683 1684 1685 1686
1687 1688 1689 1690 1691
1692 1693 1694 1695 1696
1697 1698 1699 1700 1701
1702 1703 1704 1705 1706
1707 1708 1709 1710 1711
1712 1713 1714 1715 1716
1717 1718 1719 1720 1721
1722 1887 1888 1889 1890
1891 1892 1893 1894 1895
1896 1897 1898 1899 1900
1901 1902 1903 1904 1905
1906 1907 1908 1909 1910
1911 1912 1913 1914 1915
1916 1917 1918 1919 1920
1921 1922 1923 1924 1925
1926 1927 1928 1929 1930
1931 1932 1933 1934 1935
1936 1937 1938 1939 1940
1941 1942 1943 1944 1945
1946 1947 1948 1949 1950
1951 1952 1953 1954 1955
1956 1957 1958 1959 1960
1961 1962 1963 1964 1965
1966 1967 1968 2051 2052
2053 2054 2055 2056 2057
2058 2059 2060 2061 2062
2063 2064 2065 2066 2067
2068 2069 2070 2071 2072
2073 2074 2075 2076 2077
2078 2079 2080 2081 2082
2083 2084 2085 2086 2087
2088 2089 2090 2091 2092
2093 2094 2095 2096 2097
2098 2099 2100 2101 2102
2103 2104 2105 2106 2107
2108 2109 2110 2111 2112
2113 2114 2115 2116 2117
2118 2119 2120 2121 2122
2123 2124 2125 2126 2127
2128 2129 2130 2131 2132
2543 2544 2545 2546 2547
2548 2549 2550 2551 2552
2553 2554 2555 2556 2557
2558 2559 2560 2561 2562
2563 2564 2565 2566 2567
2568 2569 2570 2571 2572
2573 2574 2575 2576 2577
2578 2579 2580 2581 2582
2583 2584 2585 2586 2587
2588 2589 2590 2591 2592
2593 2594 2595 2596 2597
2598 2599 2600 2601 2602
2603 2604 2605 2606 2607
2608 2609 2610 2611 2612
2613 2614 2615 2616 2617
2618 2619 2620 2621 2622
2623 2624 2789 2790 2791
2792 2793 2794 2795 2796
2797 2798 2799 2800 2801
2802 2803 2804 2805 2806
2807 2808 2809 2810 2811
2812 2813 2814 2815 2816
2817 2818 2819 2820 2821
2822 2823 2824 2825 2826
2827 2828 2829 2830 2831
2832 2833 2834 2835 2836
2837 2838 2839 2840 2841
2842 2843 2844 2845 2846
2847 2848 2849 2850 2851
2852 2853 2854 2855 2856
2857 2858 2859 2860 2861
2862 2863 2864 2865 2866
2867 2868 2869 2870 3772
3773 3774 3775 3776 3777
3778 3779 3780 3781 3782
3783 3784 3785 3786 3787
3788 3789 3790 3791 3792
3793 3794 3795 3796 3797
3798 3799 3800 3801 3802
3803 3804 3805 3806 3807
3808 3809 3810 3811 3812
3813 3814 3815 3816 3817
3818 3819 3820 3821 3822
3823 3824 3825 3826 3827
3828 3829 3830 3831 3832
3833 3834 3835 3836 3837
3838 3839 3840 3841 3842
3843 3844 3845 3846 3847
3848 3849 3850 3851 3852
