7 9 51 59 67
100 104 122 123 124
128 153 155 162 171
204 211 218 223 227
236 239 248 256 275
287 324 326 346 350
354 362 367 377 391
408 421 442 459 527
544 553 557 584 602
610 613 621 632 653
654 656 664 687 711
728 754 760 764 818
823 826 840 852 891
895 910 912 940 944
954 968 970 986 996
1024 1039 1124 1142 1147
1151 1169 1176 1191 1196
1212 1223 1246 1249 1266
1274 1286 1312 1317 1325
1327 1351 1352 1353 1375
1376 1385 1389 1414 1421
1437 1455 1466 1470 1478
1535 1558 1588 1631 1635
1644 1650 1660 1671 1673
1675 1688 1714 1720 1723
1726 1736 1763 1766 1769
1775 1801 1803 1808 1831
1846 1850 1863 1878 1921
1939 1949 1961 1963 1965
1969 1983 1989 1999 2035
2040 2042 2077 2078 2100
2113 2122 2133 2166 2199
2207 2212 2225 2242 2264
2280 2285 2307 2310 2349
2352 2376 2409 2420 2423
2475 2476 2479 2493 2522
2563 2571 2582 2586 2595
2605 2616 2636 2638 2644
2659 2670 2676 2679 2699
2701 2705 2737 2765 2766
2790 2792 2833 2885 2906
2947 2973 2978 3008 3010
3030 3046 3053 3068 3073
3097 3101 3103 3109 3127
3169 3184 3248 3259 3261
3267 3270 3301 3303 3337
3364 3386 3393 3406 3408
3419 3425 3437 3438 3443
3449 3451 3470 3512 3543
3548 3588 3612 3624 3633
3635 3658 3682 3696 3702
3717 3721 3723 3779 3781
3782 3790 3818 3819 3834
3845 3852 3868 3884 3901
3931 3941 3950 3971 3989
3991 4003 4046 4050 4062
4075 4095
