5 46 54 55 59
67 145 150 158 164
169 174 180 188 191
212 231 253 260 262
277 282 301 309 318
333 342 390 417 426
429 431 459 469 486
489 501 538 562 563
567 573 576 585 595
604 610 611 624 628
650 658 668 690 732
741 746 758 790 791
812 817 841 848 849
869 880 894 902 928
931 947 958 970 977
1006 1009 1020 1026 1035
1060 1088 1092 1093 1099
1112 1133 1174 1193 1216
1220 1223 1225 1269 1270
1275 1277 1292 1296 1301
1307 1314 1326 1372 1385
1427 1432 1453 1456 1483
1484 1514 1529 1533 1545
1553 1565 1580 1632 1636
1646 1648 1671 1709 1720
1743 1757 1778 1805 1824
1828 1850 1857 1868 1871
1878 1883 1890 1904 1906
1930 1955 1983 1997 1998
1999 2001 2054 2061 2065
2069 2093 2102 2136 2158
2170 2172 2182 2202 2203
2206 2212 2214 2233 2252
2254 2357 2362 2392 2410
2414 2468 2481 2510 2528
2537 2544 2550 2578 2583
2587 2602 2603 2612 2623
2630 2664 2671 2685 2705
2707 2737 2752 2770 2778
2785 2788 2794 2800 2817
2836 2856 2859 2862 2874
2877 2878 2895 2920 2934
2938 2941 2966 2969 2972
3012 3051 3099 3136 3151
3167 3171 3175 3184 3192
3193 3211 3212 3226 3253
3311 3323 3340 3351 3360
3373 3377 3381 3389 3391
3431 3441 3447 3452 3456
3471 3520 3529 3550 3552
3572 3627 3639 3641 3648
3696 3698 3707 3743 3757
3787 3790 3819 3824 3862
3868 3914 3916 3922 3934
3936 3943 3946 3956 3965
3977 3991 4072 4077
